Bip01 Spine
3
1.000000, 0.000001, -0.000796
-0.000001, 1.000000, -0.000004
0.000796, 0.000004, 1.000000
9.033303, 0.000012, 0.016852
-3.141593, 3.141593
-3.141593, 3.141593
-3.141593, 3.141593
Bip01 R Thigh
0
-0.965158, -0.259744, -0.031686
0.258988, -0.965529, 0.026065
-0.037364, 0.016951, 0.999158
-9.033287, -10.590165, -0.024074
-3.141593, 3.141593
-3.141593, 3.141593
-3.141593, 3.141593
Bip01 L Thigh
0
-0.965157, 0.259744, -0.031684
-0.258988, -0.965528, -0.026071
-0.037364, -0.016957, 0.999158
-9.033286, 10.590165, -0.024015
-3.141593, 3.141593
-3.141593, 3.141593
-3.141593, 3.141593
Bip01 Pelvis
19
0.000000, 1.000000, 0.000001
-0.000001, 0.000001, -1.000000
-1.000000, 0.000000, 0.000001
0.000000, 0.000000, 0.000000
-3.141593, 3.141593
-3.141593, 3.141593
-3.141593, 3.141593
Bip01 R Foot
5
0.995539, -0.017722, -0.092675
0.019277, 0.999687, 0.015917
0.092364, -0.017633, 0.995569
39.398045, -0.000000, -0.000000
-3.141593, 3.141593
-3.141593, 3.141593
-3.141593, 3.141593
Bip01 R Calf
1
0.991962, 0.000000, 0.126538
-0.000000, 1.000000, -0.000000
-0.126538, -0.000000, 0.991962
36.820496, 0.000003, -0.000000
-3.141593, 3.141593
-3.141593, 3.141593
-3.141593, 3.141593
Bip01 R UpperArm
8
0.965083, -0.241895, -0.100507
0.241899, 0.970223, -0.012341
0.100499, -0.012402, 0.994860
10.364287, -0.000000, 0.000000
-3.141593, 3.141593
-3.141593, 3.141593
-3.141593, 3.141593
Bip01 Spine1
0
1.000000, -0.000000, 0.000000
-0.000000, 1.000000, -0.000000
0.000000, -0.000000, 1.000000
21.162468, -0.000001, 0.016851
-3.141593, 3.141593
-3.141593, 3.141593
-3.141593, 3.141593
Bip01 R Clavicle
10
-0.195678, -0.980067, 0.034340
-0.965312, 0.198669, 0.169419
-0.172864, 0.000003, -0.984946
-1.874612, -6.375499, 0.323669
-3.141593, 3.141593
-3.141593, 3.141593
-3.141593, 3.141593
Bip01 Head
10
0.939965, 0.000001, -0.341271
-0.000001, 1.000000, 0.000000
0.341271, 0.000000, 0.939965
6.680712, 0.000000, -0.000000
-3.141593, 3.141593
-3.141593, 3.141593
-3.141593, 3.141593
Bip01 Neck
7
0.984808, -0.000001, 0.173648
0.000001, 1.000000, 0.000000
-0.173648, 0.000000, 0.984808
21.161554, -0.000001, 0.005238
-3.141593, 3.141593
-3.141593, 3.141593
-3.141593, 3.141593
Bip01 R Forearm
6
0.991538, -0.000000, 0.129819
0.000000, 1.000000, 0.000000
-0.129819, 0.000000, 0.991538
23.565117, -0.000002, -0.000000
-3.141593, 3.141593
-3.141593, 3.141593
-3.141593, 3.141593
Bip01 R Hand
11
0.999657, 0.000000, -0.026178
0.026178, 0.000796, 0.999657
0.000021, -1.000000, 0.000796
20.662762, 0.000000, -0.000000
-3.141593, 3.141593
-3.141593, 3.141593
-3.141593, 3.141593
Bip01 L Foot
14
0.995539, 0.017722, -0.092675
-0.019278, 0.999687, -0.015917
0.092364, 0.017633, 0.995569
38.625542, -0.000001, -0.000001
-3.141593, 3.141593
-3.141593, 3.141593
-3.141593, 3.141593
Bip01 L Calf
2
0.991962, 0.000000, 0.126538
-0.000000, 1.000000, 0.000000
-0.126538, -0.000000, 0.991962
36.820499, 0.000002, 0.000000
-3.141593, 3.141593
-3.141593, 3.141593
-3.141593, 3.141593
Bip01 L UpperArm
16
0.965083, 0.241895, -0.100507
-0.241899, 0.970223, 0.012341
0.100499, 0.012402, 0.994860
10.364287, -0.000002, 0.000000
-3.141593, 3.141593
-3.141593, 3.141593
-3.141593, 3.141593
Bip01 L Clavicle
10
-0.195679, 0.980066, 0.034346
0.965312, 0.198670, -0.169418
-0.172864, 0.000003, -0.984946
-1.874613, 6.375497, 0.323704
-3.141593, 3.141593
-3.141593, 3.141593
-3.141593, 3.141593
Bip01 L Forearm
15
0.991538, -0.000000, 0.129819
-0.000000, 1.000000, -0.000000
-0.129819, 0.000000, 0.991538
23.565119, 0.000003, -0.000000
-3.141593, 3.141593
-3.141593, 3.141593
-3.141593, 3.141593
Bip01 L Hand
17
0.999657, -0.000000, -0.026178
-0.026178, 0.000796, -0.999657
0.000021, 1.000000, 0.000796
20.662764, 0.000000, 0.000000
-3.141593, 3.141593
-3.141593, 3.141593
-3.141593, 3.141593
Bip01
-1
-0.000001, 0.000000, -1.000000
0.000000, 1.000000, 0.000000
1.000000, 0.000000, -0.000001
0.000000, 8.703568, -3.198129
-3.141593, 3.141593
-3.141593, 3.141593
-3.141593, 3.141593
Bip01 Footsteps
19
-0.000001, 0.000000, 1.000000
0.000000, 1.000000, 0.000000
-1.000000, 0.000000, -0.000001
0.000000, -82.474731, 0.000000
-3.141593, 3.141593
-3.141593, 3.141593
-3.141593, 3.141593
Bip01 L Toe0
13
-0.000000, 0.000000, -1.000000
0.000000, 1.000000, -0.000000
1.000000, -0.000000, -0.000000
9.033304, 0.000000, -14.578954
-3.141593, 3.141593
-3.141593, 3.141593
-3.141593, 3.141593
Bip01 R Toe0
4
-0.000000, -0.000000, -1.000000
0.000000, 1.000000, 0.000000
1.000000, -0.000000, -0.000000
9.033300, -0.000002, -14.578954
-3.141593, 3.141593
-3.141593, 3.141593
-3.141593, 3.141593
Bip01 L Finger0
18
1.000000, -0.000000, 0.000000
0.000000, 1.000000, -0.000796
-0.000000, 0.000796, 1.000000
11.396816, -0.000000, -0.000003
-3.141593, 3.141593
-3.141593, 3.141593
-3.141593, 3.141593
Bip01 R Finger0
12
1.000000, 0.000000, 0.000000
-0.000000, 1.000000, 0.000796
0.000000, -0.000796, 1.000000
11.396818, 0.000000, 0.000000
-3.141593, 3.141593
-3.141593, 3.141593
-3.141593, 3.141593
