Bip01 Head
1
0.990379, 0.000000, -0.138384
-0.000000, 1.000000, 0.000000
0.138384, 0.000000, 0.990379
9.800985, -0.000000, 0.000000
-3.141593, 3.141593
-3.141593, 3.141593
-3.141593, 3.141593
Bip01 Neck
2
0.990268, 0.000000, -0.139173
-0.000000, 1.000000, 0.000000
0.139173, 0.000000, 0.990268
22.232374, 0.000000, 0.007728
-3.141593, 3.141593
-3.141593, 3.141593
-3.141593, 3.141593
Bip01 Spine1
5
0.981627, -0.000001, 0.190809
0.000001, 1.000000, 0.000000
-0.190809, 0.000000, 0.981627
20.267187, 0.000000, 0.017376
-3.141593, 3.141593
-3.141593, 3.141593
-3.141593, 3.141593
Bip01 R Clavicle
1
-0.181761, -0.967970, 0.173198
-0.973731, 0.152605, -0.168995
0.137152, -0.199365, -0.970280
-2.282377, -7.721436, -0.330446
-3.141593, 3.141593
-3.141593, 3.141593
-3.141593, 3.141593
Bip01 L Clavicle
1
-0.181761, 0.967969, 0.173204
0.973731, 0.152604, 0.168996
0.137152, 0.199371, -0.970279
-2.282376, 7.721438, -0.330403
-3.141593, 3.141593
-3.141593, 3.141593
-3.141593, 3.141593
Bip01 Spine
8
0.996125, 0.000001, -0.087949
-0.000002, 1.000000, -0.000004
0.087949, 0.000004, 0.996125
10.038411, 0.000014, 0.016079
-3.141593, 3.141593
-3.141593, 3.141593
-3.141593, 3.141593
Bip01 R UpperArm
3
0.982363, -0.158515, 0.099181
0.169217, 0.979325, -0.110855
-0.079558, 0.125683, 0.988875
11.515878, 0.000003, -0.000000
-3.141593, 3.141593
-3.141593, 3.141593
-3.141593, 3.141593
Bip01 L UpperArm
4
0.982363, 0.158515, 0.099180
-0.169217, 0.979325, 0.110855
-0.079558, -0.125683, 0.988875
11.515879, -0.000002, -0.000001
-3.141593, 3.141593
-3.141593, 3.141593
-3.141593, 3.141593
Bip01 Pelvis
19
0.000000, 1.000000, 0.000001
-0.000001, 0.000001, -1.000000
-1.000000, 0.000000, 0.000001
0.000000, 0.000000, 0.000000
-3.141593, 3.141593
-3.141593, 3.141593
-3.141593, 3.141593
Bip01 R Forearm
6
0.991538, 0.000000, 0.129819
-0.000000, 1.000000, -0.000000
-0.129819, 0.000000, 0.991538
23.178806, 0.000001, -0.000000
-3.141593, 3.141593
-3.141593, 3.141593
-3.141593, 3.141593
Bip01 R Hand
9
0.997793, 0.061049, -0.026129
0.026129, 0.000794, 0.999658
0.061049, -0.998135, -0.000803
24.561388, 0.000002, 0.000000
-3.141593, 3.141593
-3.141593, 3.141593
-3.141593, 3.141593
Bip01 L Forearm
7
0.991538, 0.000000, 0.129819
-0.000000, 1.000000, -0.000000
-0.129819, 0.000000, 0.991538
23.178804, -0.000000, 0.000000
-3.141593, 3.141593
-3.141593, 3.141593
-3.141593, 3.141593
Bip01 L Hand
11
0.997793, -0.061049, -0.026129
-0.026129, 0.000794, -0.999658
0.061049, 0.998134, -0.000803
24.561384, -0.000000, 0.000000
-3.141593, 3.141593
-3.141593, 3.141593
-3.141593, 3.141593
Bip01 R Thigh
5
-0.961649, -0.259210, -0.089674
0.255730, -0.965529, 0.048539
-0.099164, 0.023745, 0.994788
-9.998097, -9.762125, -0.898907
-3.141593, 3.141593
-3.141593, 3.141593
-3.141593, 3.141593
Bip01 L Thigh
5
-0.961649, 0.259211, -0.089672
-0.255730, -0.965529, -0.048544
-0.099164, -0.023751, 0.994788
-9.998098, 9.762131, -0.898853
-3.141593, 3.141593
-3.141593, 3.141593
-3.141593, 3.141593
Bip01 R Calf
13
0.999989, -0.000000, 0.004705
0.000000, 1.000000, 0.000000
-0.004705, -0.000000, 0.999989
38.471069, -0.000003, -0.000000
-3.141593, 3.141593
-3.141593, 3.141593
-3.141593, 3.141593
Bip01 R Foot
15
0.992957, -0.115627, 0.025818
0.113935, 0.991705, 0.059496
-0.032484, -0.056136, 0.997895
41.039639, -0.000002, 0.000000
-3.141593, 3.141593
-3.141593, 3.141593
-3.141593, 3.141593
Bip01 L Calf
14
0.999989, -0.000000, 0.004705
0.000000, 1.000000, -0.000000
-0.004705, -0.000000, 0.999989
38.471069, -0.000000, -0.000000
-3.141593, 3.141593
-3.141593, 3.141593
-3.141593, 3.141593
Bip01 L Foot
17
0.992957, 0.115627, 0.025818
-0.113935, 0.991705, -0.059496
-0.032484, 0.056136, 0.997895
40.234943, 0.000002, 0.000000
-3.141593, 3.141593
-3.141593, 3.141593
-3.141593, 3.141593
Bip01
-1
-0.000001, 0.000000, -1.000000
0.000000, 1.000000, 0.000000
1.000000, 0.000000, -0.000001
-0.019492, 8.703568, -3.198129
-3.141593, 3.141593
-3.141593, 3.141593
-3.141593, 3.141593
