Bip01 Spine
3
1.000000, 0.000001, -0.000796
-0.000001, 1.000000, -0.000004
0.000796, 0.000004, 1.000000
9.936633, 0.000014, 0.018537
-3.141593, 3.141593
-3.141593, 3.141593
-3.141593, 3.141593
Bip01 R Thigh
0
-0.965157, -0.259744, -0.031686
0.258988, -0.965529, 0.026065
-0.037364, 0.016951, 0.999158
-9.936615, -11.649181, -0.026481
-3.141593, 3.141593
-3.141593, 3.141593
-3.141593, 3.141593
Bip01 L Thigh
0
-0.965157, 0.259745, -0.031684
-0.258989, -0.965528, -0.026071
-0.037364, -0.016957, 0.999158
-9.936614, 11.649183, -0.026416
-3.141593, 3.141593
-3.141593, 3.141593
-3.141593, 3.141593
Bip01 Pelvis
19
0.000000, 1.000000, 0.000001
-0.000001, 0.000001, -1.000000
-1.000000, 0.000000, 0.000001
0.000000, 0.000000, 0.000000
-3.141593, 3.141593
-3.141593, 3.141593
-3.141593, 3.141593
Bip01 R Foot
5
0.995539, -0.017722, -0.092675
0.019277, 0.999687, 0.015917
0.092364, -0.017633, 0.995569
45.071362, 0.000001, -0.000001
-3.141593, 3.141593
-3.141593, 3.141593
-3.141593, 3.141593
Bip01 R Calf
1
0.991962, -0.000000, 0.126538
0.000000, 1.000000, -0.000000
-0.126538, 0.000000, 0.991962
42.527676, -0.000004, -0.000000
-3.141593, 3.141593
-3.141593, 3.141593
-3.141593, 3.141593
Bip01 R UpperArm
8
0.965083, -0.241895, -0.100507
0.241899, 0.970223, -0.012341
0.100499, -0.012402, 0.994860
11.400719, -0.000001, 0.000000
-3.141593, 3.141593
-3.141593, 3.141593
-3.141593, 3.141593
Bip01 Spine1
0
1.000000, -0.000000, 0.000000
-0.000000, 1.000000, -0.000000
0.000000, -0.000000, 1.000000
23.278719, -0.000001, 0.018536
-3.141593, 3.141593
-3.141593, 3.141593
-3.141593, 3.141593
Bip01 R Clavicle
10
-0.195678, -0.980067, 0.034340
-0.965312, 0.198669, 0.169419
-0.172864, 0.000003, -0.984946
-2.062073, -7.013049, 0.356035
-3.141593, 3.141593
-3.141593, 3.141593
-3.141593, 3.141593
Bip01 Head
10
0.939965, 0.000001, -0.341271
-0.000001, 1.000000, 0.000000
0.341271, 0.000000, 0.939965
7.348782, 0.000001, -0.000000
-3.141593, 3.141593
-3.141593, 3.141593
-3.141593, 3.141593
Bip01 Neck
7
0.984808, -0.000001, 0.173648
0.000001, 1.000000, 0.000000
-0.173648, 0.000000, 0.984808
23.277710, -0.000001, 0.005762
-3.141593, 3.141593
-3.141593, 3.141593
-3.141593, 3.141593
Bip01 R Forearm
6
0.991538, 0.000000, 0.129819
-0.000000, 1.000000, 0.000000
-0.129819, -0.000000, 0.991538
34.452110, -0.000001, -0.000000
-3.141593, 3.141593
-3.141593, 3.141593
-3.141593, 3.141593
Bip01 R Hand
11
0.999657, -0.000000, -0.026178
0.026178, 0.000796, 0.999657
0.000021, -1.000000, 0.000796
27.538395, -0.000001, -0.000000
-3.141593, 3.141593
-3.141593, 3.141593
-3.141593, 3.141593
Bip01 L Foot
14
0.995539, 0.017722, -0.092675
-0.019278, 0.999687, -0.015917
0.092364, 0.017633, 0.995569
44.187611, -0.000001, -0.000001
-3.141593, 3.141593
-3.141593, 3.141593
-3.141593, 3.141593
Bip01 L Calf
2
0.991962, 0.000000, 0.126538
-0.000000, 1.000000, -0.000000
-0.126538, -0.000000, 0.991962
42.527676, 0.000006, 0.000000
-3.141593, 3.141593
-3.141593, 3.141593
-3.141593, 3.141593
Bip01 L UpperArm
16
0.965083, 0.241895, -0.100507
-0.241899, 0.970223, 0.012341
0.100499, 0.012402, 0.994860
11.400718, 0.000000, 0.000000
-3.141593, 3.141593
-3.141593, 3.141593
-3.141593, 3.141593
Bip01 L Clavicle
10
-0.195679, 0.980066, 0.034346
0.965312, 0.198670, -0.169418
-0.172864, 0.000003, -0.984946
-2.062074, 7.013047, 0.356074
-3.141593, 3.141593
-3.141593, 3.141593
-3.141593, 3.141593
Bip01 L Forearm
15
0.991538, -0.000000, 0.129819
-0.000000, 1.000000, -0.000000
-0.129819, 0.000000, 0.991538
34.452114, 0.000001, -0.000000
-3.141593, 3.141593
-3.141593, 3.141593
-3.141593, 3.141593
Bip01 L Hand
17
0.999657, -0.000000, -0.026178
-0.026178, 0.000796, -0.999657
0.000021, 1.000000, 0.000796
27.538391, 0.000002, -0.000000
-3.141593, 3.141593
-3.141593, 3.141593
-3.141593, 3.141593
Bip01
-1
-0.000001, 0.000000, -1.000000
0.000000, 1.000000, 0.000000
1.000000, 0.000000, -0.000001
-0.019492, 8.703568, -3.198129
-3.141593, 3.141593
-3.141593, 3.141593
-3.141593, 3.141593
