Bip01 Spine
3
1.000000, 0.000001, -0.000796
-0.000001, 1.000000, -0.000004
0.000796, 0.000004, 1.000000
9.936633, 0.000014, 0.018537
-0.261799, 0.261799
-0.785398, 0.261799
-0.261799, 0.261799
Bip01 R Thigh
0
-0.965157, -0.259744, -0.031686
0.258988, -0.965529, 0.026065
-0.037364, 0.016951, 0.999158
-9.936615, -11.649181, -0.026481
2.687807, -2.897247
1.343904, -2.775074
-0.942478, 0.383972
Bip01 L Thigh
0
-0.965157, 0.259745, -0.031684
-0.258989, -0.965528, -0.026071
-0.037364, -0.016957, 0.999158
-9.936614, 11.649183, -0.026416
2.809980, -2.775074
1.343904, -2.775074
-0.331613, 0.628319
Bip01 Pelvis
19
0.000000, 1.000000, 0.000001
-0.000001, 0.000001, -1.000000
-1.000000, 0.000000, 0.000001
0.000000, 0.000000, 0.000000
-3.141593, 3.141593
-3.141593, 3.141593
-3.141593, 3.141593
Bip01 R Foot
5
0.995539, -0.017722, -0.092675
0.019277, 0.999687, 0.015917
0.092364, -0.017633, 0.995569
45.071362, 0.000001, -0.000001
2.652900, -2.740167
2.600541, -2.059489
2.897247, -2.844887
Bip01 R Calf
1
0.991962, -0.000000, 0.126538
0.000000, 1.000000, -0.000000
-0.126538, 0.000000, 0.991962
42.527676, -0.000004, -0.000000
3.089233, 3.089233
0.558505, 3.041593
3.089233, 3.089233
Bip01 R UpperArm
8
0.965083, -0.241895, -0.100507
0.241899, 0.970223, -0.012341
0.100499, -0.012402, 0.994860
11.400719, -0.000001, 0.000000
0.000000, 0.000000
-0.157080, 1.832596
-1.308997, 0.261799
Bip01 Spine1
0
1.000000, -0.000000, 0.000000
-0.000000, 1.000000, -0.000000
0.000000, -0.000000, 1.000000
23.278721, -0.000001, 0.018536
0.000000, 0.000000
-0.261799, 0.244346
-0.087266, 0.087266
Bip01 R Clavicle
7
-0.198669, -0.980067, -0.000161
-0.980066, 0.198670, -0.000779
0.000796, 0.000003, -1.000000
21.185131, -7.013048, -0.001687
3.106686, 3.141593
0.000000, 0.000000
-1.937315, -1.588250
Bip01 Head
10
0.939965, 0.000001, -0.341271
-0.000001, 1.000000, 0.000000
0.341271, 0.000000, 0.939965
7.348783, 0.000001, -0.000000
0.000000, 0.000000
-1.047198, 1.047198
-0.261799, 0.261799
Bip01 Neck
7
0.984808, -0.000001, 0.173648
0.000001, 1.000000, 0.000000
-0.173648, 0.000000, 0.984808
23.277710, -0.000001, 0.005762
-0.785398, 0.785398
-0.767945, 0.767945
-0.244346, 0.244346
Bip01 R Forearm
6
0.991538, 0.000000, 0.129819
-0.000000, 1.000000, 0.000000
-0.129819, -0.000000, 0.991538
34.452110, -0.000001, -0.000000
-0.261799, 0.261799
0.122173, 2.617994
0.000000, 0.000000
Bip01 R Hand
11
0.999657, -0.000000, -0.026178
0.026178, 0.000796, 0.999657
0.000021, -1.000000, 0.000796
27.538395, -0.000001, -0.000000
-2.897247, 0.000000
-0.767945, 0.767945
-0.785398, 0.785398
Bip01 L Foot
14
0.995539, 0.017722, -0.092675
-0.019278, 0.999687, -0.015917
0.092364, 0.017633, 0.995569
44.187611, -0.000001, -0.000001
2.809980, -2.844887
2.809980, -2.146755
2.809980, -2.862340
Bip01 L Calf
2
0.991962, 0.000000, 0.126538
-0.000000, 1.000000, -0.000000
-0.126538, -0.000000, 0.991962
42.527676, 0.000006, 0.000000
3.071779, 3.071779
0.418879, 3.041593
3.106686, 3.106686
Bip01 L UpperArm
16
0.965083, 0.241895, -0.100507
-0.241899, 0.970223, 0.012341
0.100499, 0.012402, 0.994860
11.400718, 0.000000, 0.000000
0.000000, 0.000000
-0.157080, 1.815142
-0.261799, 1.308997
Bip01 L Clavicle
7
-0.198669, 0.980066, -0.000155
0.980066, 0.198669, 0.000780
0.000796, 0.000003, -1.000000
21.185139, 7.013049, -0.001648
3.106686, 3.106686
0.000000, 0.000000
1.570796, 1.919862
Bip01 L Forearm
15
0.991538, -0.000000, 0.129819
-0.000000, 1.000000, -0.000000
-0.129819, 0.000000, 0.991538
34.452114, 0.000001, -0.000000
-0.261799, 0.261799
0.122173, 2.617994
0.000000, 0.000000
Bip01 L Hand
17
0.999657, -0.000000, -0.026178
-0.026178, 0.000796, -0.999657
0.000021, 1.000000, 0.000796
27.538393, 0.000002, -0.000000
0.000000, 2.897247
-0.767945, 0.767945
-0.785398, 0.785398
Bip01
-1
-0.000001, 0.000000, -1.000000
0.000000, 1.000000, 0.000000
1.000000, 0.000000, -0.000001
-0.019492, 8.703568, -3.198129
-3.141593, 3.141593
-3.141593, 3.141593
-3.141593, 3.141593
