Bip01 Neck
1
0.995703, 0.061049, -0.069628
-0.060903, 0.998135, 0.004210
0.069755, 0.000049, 0.997564
11.194046, 0.000000, 0.006907
-3.141593, 3.141593
-3.141593, 3.141593
-3.141593, 3.141593
Bip01 Spine3
3
0.966630, 0.086830, -0.241011
-0.084268, 0.996223, 0.020939
0.241919, 0.000069, 0.970297
10.662682, -0.000001, 0.008651
-3.141593, 3.141593
-3.141593, 3.141593
-3.141593, 3.141593
Bip01 L Clavicle
0
0.017561, 0.999841, -0.003026
0.997363, -0.017304, 0.070484
0.070421, -0.004256, -0.997508
0.103935, 1.699452, -0.006836
-3.141593, 3.141593
-3.141593, 3.141593
-3.141593, 3.141593
Bip01 Spine2
4
0.994615, -0.102177, -0.017366
0.102163, 0.994766, -0.001702
0.017449, -0.000081, 0.999848
10.560105, 0.000000, 0.008487
-3.141593, 3.141593
-3.141593, 3.141593
-3.141593, 3.141593
Bip01 Spine1
6
0.991587, -0.043947, 0.121751
0.043615, 0.999034, 0.005390
-0.121870, -0.000035, 0.992546
9.817881, -0.000000, 0.008345
-3.141593, 3.141593
-3.141593, 3.141593
-3.141593, 3.141593
Bip01 L UpperArm
2
0.320947, -0.938792, -0.125151
0.937321, 0.295912, 0.184023
-0.135726, -0.176368, 0.974922
10.882857, -0.000008, 0.000001
-3.141593, 3.141593
-3.141593, 3.141593
-3.141593, 3.141593
Bip01 Spine
8
0.998096, -0.013357, 0.060207
0.013524, 0.999906, -0.002379
-0.060170, 0.003188, 0.998183
8.494238, -0.445154, -0.791989
-3.141593, 3.141593
-3.141593, 3.141593
-3.141593, 3.141593
Bip01 L Thigh
6
-0.981917, 0.044665, -0.183970
-0.049038, -0.998611, 0.019287
-0.182853, 0.027960, 0.982743
-8.548111, 8.695108, 1.329732
-3.141593, 3.141593
-3.141593, 3.141593
-3.141593, 3.141593
Bip01 Pelvis
29
-0.000000, 0.998630, -0.052335
-0.000001, -0.052334, -0.998630
-1.000000, -0.000000, 0.000001
-0.873524, 0.000000, 0.000000
-3.141593, 3.141593
-3.141593, 3.141593
-3.141593, 3.141593
Bip01 L Toe0
10
-0.325568, 0.000000, -0.945519
-0.000000, 1.000000, -0.000000
0.945519, 0.000000, -0.325568
15.999846, 0.000001, -12.230721
-3.141593, 3.141593
-3.141593, 3.141593
-3.141593, 3.141593
Bip01 L Foot
11
0.997802, 0.050412, -0.043006
-0.051927, 0.998042, -0.034881
0.041163, 0.037037, 0.998466
39.126801, 0.000001, -0.000001
-3.141593, 3.141593
-3.141593, 3.141593
-3.141593, 3.141593
Bip01 L Calf
7
0.858538, -0.000000, 0.512750
0.000000, 1.000000, 0.000000
-0.512750, 0.000000, 0.858538
43.446480, -0.000001, 0.000000
-3.141593, 3.141593
-3.141593, 3.141593
-3.141593, 3.141593
Bip01 R Clavicle
0
-0.104420, -0.994528, -0.003129
-0.992037, 0.104380, -0.070480
0.070421, -0.004256, -0.997508
-0.103946, -1.699451, -0.007011
-3.141593, 3.141593
-3.141593, 3.141593
-3.141593, 3.141593
Bip01 R UpperArm
12
0.358675, 0.930101, -0.079145
-0.897494, 0.320303, -0.303166
-0.256625, 0.179770, 0.949645
10.882857, -0.000004, 0.000000
-3.141593, 3.141593
-3.141593, 3.141593
-3.141593, 3.141593
Bip01 R Thigh
6
-0.993727, 0.098149, 0.053607
-0.086025, -0.977145, 0.194391
0.071461, 0.188560, 0.979458
-8.324555, -8.038410, 1.276394
-3.141593, 3.141593
-3.141593, 3.141593
-3.141593, 3.141593
Bip01 R Foot
17
0.994102, 0.059580, -0.090616
-0.064067, 0.996817, -0.047441
0.087501, 0.052967, 0.994755
39.126797, 0.000001, -0.000000
-3.141593, 3.141593
-3.141593, 3.141593
-3.141593, 3.141593
Bip01 R Toe0
15
0.000000, -0.000000, -1.000000
0.000000, 1.000000, -0.000000
1.000000, -0.000000, 0.000000
15.999848, -0.000001, -12.230721
-3.141593, 3.141593
-3.141593, 3.141593
-3.141593, 3.141593
Bip01 R Calf
14
0.996308, 0.000000, 0.085847
-0.000000, 1.000000, -0.000000
-0.085847, -0.000000, 0.996308
43.446480, 0.000000, 0.000000
-3.141593, 3.141593
-3.141593, 3.141593
-3.141593, 3.141593
Bip01 R Forearm
13
0.914193, -0.000000, 0.405278
0.000000, 1.000000, -0.000000
-0.405278, -0.000000, 0.914193
29.376169, 0.000004, 0.000001
-3.141593, 3.141593
-3.141593, 3.141593
-3.141593, 3.141593
Bip01 R Hand
18
0.989131, 0.139239, 0.047248
-0.005065, -0.288875, 0.957353
0.146950, -0.947187, -0.285030
22.557537, -0.000001, 0.000002
-3.141593, 3.141593
-3.141593, 3.141593
-3.141593, 3.141593
Bip01 R Finger11
21
0.983255, -0.000000, -0.182236
-0.000000, 1.000000, 0.000000
0.182236, 0.000000, 0.983255
4.423024, 0.000000, -0.000000
-3.141593, 3.141593
-3.141593, 3.141593
-3.141593, 3.141593
Bip01 R Finger1
19
0.980717, -0.094997, -0.170788
0.085925, 0.994507, -0.059766
0.175528, 0.043939, 0.983493
8.858455, 0.413994, 0.548893
-3.141593, 3.141593
-3.141593, 3.141593
-3.141593, 3.141593
Bip01 R Finger01
30
0.996195, 0.000000, 0.087156
-0.000000, 1.000000, -0.000000
-0.087156, 0.000000, 0.996195
3.479683, 0.000002, 0.000000
-3.141593, 3.141593
-3.141593, 3.141593
-3.141593, 3.141593
Bip01 L Forearm
5
0.909029, -0.000000, 0.416733
0.000000, 1.000000, 0.000000
-0.416733, 0.000000, 0.909029
29.376181, -0.000003, 0.000003
-3.141593, 3.141593
-3.141593, 3.141593
-3.141593, 3.141593
Bip01 L Hand
23
0.989131, -0.139239, 0.047248
0.005065, -0.288875, -0.957353
0.146950, 0.947187, -0.285030
22.557541, 0.000003, -0.000001
-3.141593, 3.141593
-3.141593, 3.141593
-3.141593, 3.141593
Bip01 L Finger11
26
0.983255, 0.000000, -0.182235
-0.000000, 1.000000, 0.000000
0.182235, -0.000000, 0.983255
4.423029, 0.000000, 0.000000
-3.141593, 3.141593
-3.141593, 3.141593
-3.141593, 3.141593
Bip01 L Finger1
24
0.980718, 0.094997, -0.170788
-0.085925, 0.994507, 0.059766
0.175528, -0.043939, 0.983493
8.858461, -0.413992, 0.548893
-3.141593, 3.141593
-3.141593, 3.141593
-3.141593, 3.141593
Bip01 L Finger01
31
0.996195, 0.000000, 0.087156
0.000000, 1.000000, 0.000000
-0.087156, 0.000000, 0.996195
3.479689, -0.000001, -0.000000
-3.141593, 3.141593
-3.141593, 3.141593
-3.141593, 3.141593
Bip01 Head
0
0.999172, -0.030327, -0.027124
0.029477, 0.999077, -0.031232
0.028046, 0.030407, 0.999144
8.694844, 0.000000, 0.000001
-3.141593, 3.141593
-3.141593, 3.141593
-3.141593, 3.141593
Bip01
-1
0.000001, 0.000000, 1.000000
0.000000, 1.000000, 0.000000
-1.000000, 0.000000, 0.000001
0.000000, 98.189636, -0.000005
-3.141593, 3.141593
-3.141593, 3.141593
-3.141593, 3.141593
Bip01 R Finger0
19
0.999285, -0.008665, -0.036789
0.036299, 0.491163, 0.870311
0.010528, -0.871025, 0.491126
6.045546, 3.189899, -3.606061
-3.141593, 3.141593
-3.141593, 3.141593
-3.141593, 3.141593
Bip01 L Finger0
24
0.999286, 0.008665, -0.036789
-0.036299, 0.491163, -0.870311
0.010528, 0.871025, 0.491127
6.045545, -3.189899, -3.606060
-3.141593, 3.141593
-3.141593, 3.141593
-3.141593, 3.141593
