Bip01 L Thigh
7
-0.993615, 0.092949, 0.063956
-0.106705, -0.958329, -0.264990
0.036660, -0.270122, 0.962128
-7.030066, 9.061660, -6.061447
-3.141593, 3.141593
-3.141593, 3.141593
-3.141593, 3.141593
Bip01 R Thigh
7
-0.992072, -0.104338, 0.070042
0.119273, -0.957306, 0.263325
0.039577, 0.269591, 0.962161
-7.030066, -9.061625, -6.061497
-3.141593, 3.141593
-3.141593, 3.141593
-3.141593, 3.141593
Bip01 R Clavicle
5
0.050912, -0.998440, 0.022932
-0.993088, -0.053044, -0.104705
0.105758, -0.017443, -0.994239
-4.477186, -0.866414, -5.565360
-3.141593, 3.141593
-3.141593, 3.141593
-3.141593, 3.141593
Bip01 Spine2
9
0.936672, 0.000001, -0.350208
-0.000001, 1.000000, 0.000000
0.350208, 0.000000, 0.936672
21.159166, 0.000001, 0.009235
-3.141593, 3.141593
-3.141593, 3.141593
-3.141593, 3.141593
Bip01 Head
5
0.967611, 0.025889, 0.251116
-0.026031, 0.999657, -0.002757
-0.251101, -0.003869, 0.967953
7.888724, 0.000000, -0.000005
-3.141593, 3.141593
-3.141593, 3.141593
-3.141593, 3.141593
Bip01 Neck
3
0.994181, -0.026031, -0.104528
0.026177, 0.999657, 0.000021
0.104492, -0.002757, 0.994522
12.382339, -0.000017, 0.006255
-3.141593, 3.141593
-3.141593, 3.141593
-3.141593, 3.141593
Bip01 R Calf
1
0.973118, 0.000000, 0.230306
-0.000000, 1.000000, -0.000000
-0.230306, -0.000000, 0.973118
49.714211, -0.000000, -0.000000
-3.141593, 3.141593
-3.141593, 3.141593
-3.141593, 3.141593
Bip01 Spine
10
0.995472, 0.000002, 0.095053
-0.000001, 1.000000, -0.000004
-0.095053, 0.000004, 0.995472
6.422073, 0.000018, 6.702251
-3.141593, 3.141593
-3.141593, 3.141593
-3.141593, 3.141593
Bip01 R UpperArm
2
0.259672, 0.962888, 0.073597
-0.953827, 0.243822, 0.175402
0.150948, -0.115745, 0.981742
16.652901, -0.000016, -0.000002
-3.141593, 3.141593
-3.141593, 3.141593
-3.141593, 3.141593
Bip01 Spine1
7
0.997564, 0.000000, -0.069756
-0.000000, 1.000000, 0.000000
0.069756, 0.000000, 0.997564
16.041838, -0.000001, 0.016807
-3.141593, 3.141593
-3.141593, 3.141593
-3.141593, 3.141593
Bip01 Pelvis
24
0.000000, 1.000000, 0.000001
-0.000001, 0.000001, -1.000000
-1.000000, 0.000000, 0.000001
-0.037044, -0.020828, 0.000520
-3.141593, 3.141593
-3.141593, 3.141593
-3.141593, 3.141593
Bip01 R Foot
6
0.979501, -0.093703, -0.178321
0.123442, 0.978748, 0.163752
0.159187, -0.182407, 0.970251
31.657305, -0.000002, -0.000000
-3.141593, 3.141593
-3.141593, 3.141593
-3.141593, 3.141593
Bip01 R Toe0
11
-0.000000, -0.000000, -1.000000
-0.000000, 1.000000, -0.000000
1.000000, -0.000000, -0.000000
13.981690, -0.000001, -10.978390
-3.141593, 3.141593
-3.141593, 3.141593
-3.141593, 3.141593
Bip01 L Clavicle
5
-0.001124, 0.999847, 0.017427
0.994488, -0.000709, 0.104853
0.104849, 0.017449, -0.994335
-4.515414, 0.601604, -5.569405
-3.141593, 3.141593
-3.141593, 3.141593
-3.141593, 3.141593
Bip01 L Calf
0
0.969099, -0.000000, 0.246671
0.000000, 1.000000, 0.000000
-0.246671, -0.000000, 0.969099
49.714207, -0.000000, -0.000001
-3.141593, 3.141593
-3.141593, 3.141593
-3.141593, 3.141593
Bip01 L UpperArm
13
0.205409, -0.934787, 0.289793
0.963012, 0.140291, -0.230058
0.174400, 0.326330, 0.929028
16.652897, 0.000006, -0.000003
-3.141593, 3.141593
-3.141593, 3.141593
-3.141593, 3.141593
Bip01 L Foot
14
0.978000, 0.081034, -0.192225
-0.113473, 0.979869, -0.164256
0.175045, 0.182455, 0.967507
31.657295, 0.000000, 0.000000
-3.141593, 3.141593
-3.141593, 3.141593
-3.141593, 3.141593
Bip01 L Forearm
15
0.894606, 0.000000, 0.446856
-0.000000, 1.000000, -0.000000
-0.446856, -0.000000, 0.894606
24.321938, -0.000002, -0.000000
-3.141593, 3.141593
-3.141593, 3.141593
-3.141593, 3.141593
Bip01 L Hand
17
0.985307, -0.158220, -0.064319
-0.154548, -0.665650, -0.730085
0.072700, 0.729298, -0.680322
23.016851, 0.000004, 0.000001
-3.141593, 3.141593
-3.141593, 3.141593
-3.141593, 3.141593
Bip01 L Finger0
18
0.915132, 0.051960, -0.399792
-0.027353, 0.997377, 0.067016
0.402226, -0.050393, 0.914152
10.012510, -0.000001, 0.000000
-3.141593, 3.141593
-3.141593, 3.141593
-3.141593, 3.141593
Bip01 L Toe0
16
0.000000, 0.000000, -1.000000
0.000000, 1.000000, -0.000000
1.000000, 0.000000, 0.000000
13.981690, -0.000000, -10.978389
-3.141593, 3.141593
-3.141593, 3.141593
-3.141593, 3.141593
Bip01 R Forearm
8
0.724652, 0.000000, 0.689115
-0.000000, 1.000000, -0.000000
-0.689115, -0.000000, 0.724652
24.321932, 0.000000, 0.000001
-3.141593, 3.141593
-3.141593, 3.141593
-3.141593, 3.141593
Bip01 R Hand
21
0.985307, 0.158220, -0.064319
0.154548, -0.665650, 0.730085
0.072700, -0.729299, -0.680322
23.016853, -0.000006, 0.000002
-3.141593, 3.141593
-3.141593, 3.141593
-3.141593, 3.141593
Bip01 R Finger0
22
0.915132, -0.051960, -0.399792
0.027353, 0.997377, -0.067016
0.402226, 0.050393, 0.914153
10.012504, 0.000001, -0.000001
-3.141593, 3.141593
-3.141593, 3.141593
-3.141593, 3.141593
Bip01
-1
0.000001, 0.000000, 1.000000
0.000000, 1.000000, 0.000000
-1.000000, 0.000000, 0.000001
0.221457, 94.392487, 0.186881
-3.141593, 3.141593
-3.141593, 3.141593
-3.141593, 3.141593
