Bip01 L Thigh
7
-0.897482, -0.024774, -0.440356
0.106395, -0.981097, -0.161646
-0.428027, -0.191926, 0.883152
-6.801358, 8.373990, -7.324579
-3.141593, 3.141593
-3.141593, 3.141593
-3.141593, 3.141593
Bip01 R Thigh
7
-0.970039, -0.034647, 0.240465
0.036871, -0.999309, 0.004753
0.240134, 0.013477, 0.970646
-5.770251, -9.689480, -6.275144
-3.141593, 3.141593
-3.141593, 3.141593
-3.141593, 3.141593
Bip01 R Clavicle
5
0.050912, -0.998440, 0.022932
-0.993088, -0.053044, -0.104705
0.105758, -0.017443, -0.994239
-4.477172, -0.866413, -5.565351
-3.141593, 3.141593
-3.141593, 3.141593
-3.141593, 3.141593
Bip01 Spine2
9
0.928657, 0.101310, -0.356836
-0.041385, 0.984272, 0.171744
0.368623, -0.144724, 0.918244
21.159340, -0.001428, 0.009055
-3.141593, 3.141593
-3.141593, 3.141593
-3.141593, 3.141593
Bip01 Head
5
0.942300, -0.055815, 0.330083
0.152374, 0.949455, -0.274439
-0.298081, 0.308900, 0.903177
7.888731, 0.000000, 0.000002
-3.141593, 3.141593
-3.141593, 3.141593
-3.141593, 3.141593
Bip01 Neck
3
0.994181, -0.026031, -0.104528
0.026177, 0.999657, 0.000021
0.104492, -0.002757, 0.994522
12.382316, -0.000017, 0.006241
-3.141593, 3.141593
-3.141593, 3.141593
-3.141593, 3.141593
Bip01 R Calf
1
0.961331, 0.000000, 0.275394
0.000000, 1.000000, 0.000000
-0.275394, -0.000000, 0.961331
49.714211, -0.000001, 0.000001
-3.141593, 3.141593
-3.141593, 3.141593
-3.141593, 3.141593
Bip01 Spine
10
0.998190, -0.056893, -0.019516
0.057920, 0.996700, 0.056876
0.016216, -0.057904, 0.998190
6.422786, -0.095782, 6.702287
-3.141593, 3.141593
-3.141593, 3.141593
-3.141593, 3.141593
Bip01 R UpperArm
2
0.258709, 0.696081, 0.669733
-0.887668, 0.444749, -0.119351
-0.380940, -0.563623, 0.732949
16.652901, -0.000004, -0.000006
-3.141593, 3.141593
-3.141593, 3.141593
-3.141593, 3.141593
Bip01 Spine1
7
0.995361, 0.024012, -0.093169
-0.018461, 0.998028, 0.060001
0.094426, -0.058002, 0.993841
16.042257, -0.000977, 0.016743
-3.141593, 3.141593
-3.141593, 3.141593
-3.141593, 3.141593
Bip01 Pelvis
24
-0.000000, 0.999891, -0.014798
-0.000001, -0.014798, -0.999891
-1.000000, 0.000000, 0.000001
2.067540, -0.020824, -0.219180
-3.141593, 3.141593
-3.141593, 3.141593
-3.141593, 3.141593
Bip01 R Foot
6
0.929864, -0.003502, -0.367887
0.022798, 0.998581, 0.048119
0.367196, -0.053131, 0.928625
31.657309, -0.000001, -0.000002
-3.141593, 3.141593
-3.141593, 3.141593
-3.141593, 3.141593
Bip01 R Toe0
11
-0.173648, -0.000000, -0.984808
-0.000000, 1.000000, -0.000000
0.984808, -0.000000, -0.173648
13.981690, 0.000000, -10.978390
-3.141593, 3.141593
-3.141593, 3.141593
-3.141593, 3.141593
Bip01 L Clavicle
5
-0.001124, 0.999848, 0.017427
0.994487, -0.000709, 0.104853
0.104849, 0.017449, -0.994335
-4.515401, 0.601604, -5.569396
-3.141593, 3.141593
-3.141593, 3.141593
-3.141593, 3.141593
Bip01 L Calf
0
0.984176, -0.000000, 0.177195
-0.000000, 1.000000, 0.000000
-0.177195, 0.000000, 0.984176
49.714214, 0.000001, -0.000002
-3.141593, 3.141593
-3.141593, 3.141593
-3.141593, 3.141593
Bip01 L UpperArm
13
0.317894, -0.937233, 0.143311
0.655228, 0.326414, 0.681271
-0.685288, -0.122671, 0.717866
16.652899, -0.000003, 0.000000
-3.141593, 3.141593
-3.141593, 3.141593
-3.141593, 3.141593
Bip01 L Foot
14
0.995659, -0.077473, -0.051589
0.075644, 0.996467, -0.036498
0.054235, 0.032437, 0.998001
31.657301, -0.000000, 0.000004
-3.141593, 3.141593
-3.141593, 3.141593
-3.141593, 3.141593
Bip01 L Forearm
15
0.955746, -0.000000, 0.294192
0.000000, 1.000000, 0.000000
-0.294192, 0.000000, 0.955746
24.321928, -0.000003, -0.000003
-3.141593, 3.141593
-3.141593, 3.141593
-3.141593, 3.141593
Bip01 L Hand
17
0.990086, 0.140464, -0.000000
-0.000112, 0.000788, -1.000000
-0.140464, 0.990085, 0.000796
23.016855, 0.000000, -0.000001
-3.141593, 3.141593
-3.141593, 3.141593
-3.141593, 3.141593
Bip01 L Finger0
18
0.039649, 0.068071, -0.996892
-0.027352, 0.997377, 0.067016
0.998839, 0.024610, 0.041407
10.012509, -0.000001, -0.000000
-3.141593, 3.141593
-3.141593, 3.141593
-3.141593, 3.141593
Bip01 L Toe0
16
-0.000000, -0.000000, -1.000000
-0.000000, 1.000000, 0.000000
1.000000, 0.000000, 0.000000
13.981691, 0.000001, -10.978387
-3.141593, 3.141593
-3.141593, 3.141593
-3.141593, 3.141593
Bip01 R Forearm
8
0.792528, 0.000000, 0.609835
0.000000, 1.000000, 0.000000
-0.609836, -0.000000, 0.792528
24.321934, -0.000003, -0.000001
-3.141593, 3.141593
-3.141593, 3.141593
-3.141593, 3.141593
Bip01 R Hand
21
0.990086, -0.140464, -0.000000
0.000112, 0.000788, 1.000000
-0.140464, -0.990086, 0.000796
23.016855, -0.000004, -0.000005
-3.141593, 3.141593
-3.141593, 3.141593
-3.141593, 3.141593
Bip01 R Finger0
22
0.039649, -0.068071, -0.996892
0.027353, 0.997377, -0.067016
0.998839, -0.024610, 0.041407
10.012507, -0.000004, -0.000001
-3.141593, 3.141593
-3.141593, 3.141593
-3.141593, 3.141593
Bip01
-1
0.000001, -0.000000, 1.000000
-0.000041, 1.000000, 0.000000
-1.000000, -0.000041, 0.000001
3.182375, 90.614349, 9.551371
-3.141593, 3.141593
-3.141593, 3.141593
-3.141593, 3.141593
