Bip01 Spine
12
0.995255, -0.053465, 0.081301
0.051286, 0.998272, 0.028668
-0.082693, -0.024363, 0.996277
11.009645, -0.192489, 8.922523
-3.141593, 3.141593
-3.141593, 3.141593
-3.141593, 3.141593
Bip01 Neck
4
0.890701, -0.023352, -0.453990
0.004459, 0.999081, -0.042640
0.454568, 0.035955, 0.889986
16.748594, 0.000171, 0.004211
-3.141593, 3.141593
-3.141593, 3.141593
-3.141593, 3.141593
Bip01 L Clavicle
1
-0.154266, 0.987956, -0.012059
0.877431, 0.142598, 0.458019
0.454222, 0.060076, -0.888861
-2.821121, 1.176815, -8.607206
-3.141593, 3.141593
-3.141593, 3.141593
-3.141593, 3.141593
Bip01 Spine1
0
0.998341, 0.014591, -0.055705
-0.009350, 0.995602, 0.093220
0.056821, -0.092545, 0.994086
16.747231, -0.001292, 0.013875
-3.141593, 3.141593
-3.141593, 3.141593
-3.141593, 3.141593
Bip01 Spine2
3
0.971362, 0.026922, -0.236074
-0.014550, 0.998435, 0.053994
0.237158, -0.049013, 0.970234
17.532146, -0.000653, 0.012939
-3.141593, 3.141593
-3.141593, 3.141593
-3.141593, 3.141593
Bip01 L UpperArm
2
0.509291, -0.833708, 0.213433
0.706477, 0.546648, 0.449518
-0.491439, -0.078150, 0.867398
23.329922, -0.000005, -0.000001
-3.141593, 3.141593
-3.141593, 3.141593
-3.141593, 3.141593
Bip01 L Forearm
5
0.919929, -0.000000, 0.392085
0.000000, 1.000000, 0.000000
-0.392085, -0.000000, 0.919929
26.823029, 0.000000, -0.000002
-3.141593, 3.141593
-3.141593, 3.141593
-3.141593, 3.141593
Bip01 R Clavicle
1
0.038578, -0.999219, -0.008572
-0.889636, -0.030438, -0.455654
0.455037, 0.025204, -0.890116
-2.777584, -0.686053, -8.674256
-3.141593, 3.141593
-3.141593, 3.141593
-3.141593, 3.141593
Bip01 R UpperArm
7
0.837689, -0.051096, 0.543752
-0.520894, 0.224498, 0.823571
-0.164152, -0.973134, 0.161444
23.329922, 0.000001, -0.000003
-3.141593, 3.141593
-3.141593, 3.141593
-3.141593, 3.141593
Bip01 R Forearm
8
-0.464430, 0.000000, 0.885610
-0.000000, 1.000000, -0.000000
-0.885610, -0.000000, -0.464430
26.823034, 0.000003, -0.000006
-3.141593, 3.141593
-3.141593, 3.141593
-3.141593, 3.141593
Bip01 R Hand
9
0.997604, 0.031017, -0.061837
0.068868, -0.530009, 0.845191
-0.006559, -0.847424, -0.530876
23.416616, 0.000002, -0.000006
-3.141593, 3.141593
-3.141593, 3.141593
-3.141593, 3.141593
Bip01 R Thigh
0
-0.972601, -0.159140, 0.169474
0.212849, -0.902744, 0.373830
0.093500, 0.399660, 0.911883
-11.138651, -10.980279, -7.730927
-3.141593, 3.141593
-3.141593, 3.141593
-3.141593, 3.141593
Bip01 Pelvis
24
-0.000000, 0.999848, -0.017451
-0.000001, -0.017451, -0.999848
-1.000000, -0.000000, 0.000001
-0.037044, -0.020824, 0.000520
-3.141593, 3.141593
-3.141593, 3.141593
-3.141593, 3.141593
Bip01 R Calf
11
0.973118, -0.000000, 0.230305
0.000000, 1.000000, 0.000000
-0.230305, 0.000000, 0.973119
43.582241, -0.000001, 0.000001
-3.141593, 3.141593
-3.141593, 3.141593
-3.141593, 3.141593
Bip01 R Foot
13
0.956199, -0.149799, -0.251483
0.166114, 0.985087, 0.044825
0.241018, -0.084637, 0.966823
33.856216, 0.000002, -0.000002
-3.141593, 3.141593
-3.141593, 3.141593
-3.141593, 3.141593
Bip01 R Toe0
14
0.000000, 0.000000, -1.000000
-0.000000, 1.000000, 0.000000
1.000000, 0.000000, 0.000000
13.060970, -0.000003, -16.898962
-3.141593, 3.141593
-3.141593, 3.141593
-3.141593, 3.141593
Bip01 L Thigh
0
-0.979283, 0.126176, -0.158384
-0.041847, -0.891361, -0.451359
-0.198128, -0.435380, 0.878174
-12.247549, 9.723732, -8.236233
-3.141593, 3.141593
-3.141593, 3.141593
-3.141593, 3.141593
Bip01 L Calf
16
0.914890, 0.000000, 0.403704
0.000000, 1.000000, 0.000000
-0.403704, -0.000000, 0.914890
43.582233, 0.000000, 0.000003
-3.141593, 3.141593
-3.141593, 3.141593
-3.141593, 3.141593
Bip01 L Foot
17
0.992148, 0.029811, -0.121462
-0.049853, 0.984953, -0.165476
0.114701, 0.170232, 0.978705
33.856209, -0.000001, -0.000001
-3.141593, 3.141593
-3.141593, 3.141593
-3.141593, 3.141593
Bip01 L Toe0
18
0.000000, -0.000000, -1.000000
-0.000000, 1.000000, -0.000000
1.000000, 0.000000, 0.000000
13.060971, -0.000000, -16.898964
-3.141593, 3.141593
-3.141593, 3.141593
-3.141593, 3.141593
Bip01 Head
1
0.872942, -0.026689, 0.487094
0.005486, 0.998976, 0.044905
-0.487793, -0.036527, 0.872194
5.940816, -0.000000, -0.000000
-3.141593, 3.141593
-3.141593, 3.141593
-3.141593, 3.141593
Bip01 L Hand
6
0.997604, -0.031017, -0.061837
-0.065956, -0.156761, -0.985432
0.020871, 0.987150, -0.158431
23.416626, -0.000004, 0.000001
-3.141593, 3.141593
-3.141593, 3.141593
-3.141593, 3.141593
Bip01 L Finger0
21
0.649449, -0.000605, -0.760405
-0.000000, 1.000000, -0.000796
0.760406, 0.000517, 0.649448
11.191452, 0.000000, -0.000001
-3.141593, 3.141593
-3.141593, 3.141593
-3.141593, 3.141593
Bip01 R Finger0
10
-0.406736, 0.000728, -0.913545
0.000000, 1.000000, 0.000796
0.913546, 0.000324, -0.406736
11.191447, -0.000001, 0.000001
-3.141593, 3.141593
-3.141593, 3.141593
-3.141593, 3.141593
Bip01
-1
-0.405615, 0.006985, 0.914017
0.004477, 0.999974, -0.005655
-0.914033, 0.001798, -0.405635
1.529608, 88.650742, -4.857102
-3.141593, 3.141593
-3.141593, 3.141593
-3.141593, 3.141593
