Bip01 Spine
12
0.998190, -0.056893, -0.019516
0.057920, 0.996700, 0.056876
0.016216, -0.057904, 0.998190
11.011438, -0.163722, 8.922548
-3.141593, 3.141593
-3.141593, 3.141593
-3.141593, 3.141593
Bip01 Neck
4
0.890701, -0.023313, -0.453990
0.026176, 0.999657, 0.000021
0.453835, -0.011902, 0.891006
16.748590, -0.000057, 0.004219
-3.141593, 3.141593
-3.141593, 3.141593
-3.141593, 3.141593
Bip01 L Clavicle
1
-0.007294, 0.999847, 0.015867
0.890858, -0.000710, 0.454282
0.454224, 0.017449, -0.890717
-2.821082, 0.763859, -8.653669
-3.141593, 3.141593
-3.141593, 3.141593
-3.141593, 3.141593
Bip01 Spine1
0
0.995361, 0.024012, -0.093169
-0.018461, 0.998028, 0.060001
0.094426, -0.058002, 0.993841
16.747749, -0.000810, 0.013871
-3.141593, 3.141593
-3.141593, 3.141593
-3.141593, 3.141593
Bip01 Spine2
3
0.960870, 0.101310, -0.257809
-0.059110, 0.984272, 0.166477
0.270620, -0.144724, 0.951746
17.532591, -0.001931, 0.012692
-3.141593, 3.141593
-3.141593, 3.141593
-3.141593, 3.141593
Bip01 L UpperArm
2
0.334572, -0.941348, 0.043880
0.655638, 0.265967, 0.706682
-0.676905, -0.207667, 0.706169
23.329922, -0.000000, 0.000002
-3.141593, 3.141593
-3.141593, 3.141593
-3.141593, 3.141593
Bip01 L Forearm
5
0.955746, 0.000000, 0.294192
-0.000000, 1.000000, -0.000000
-0.294192, -0.000000, 0.955746
26.823036, 0.000000, -0.000000
-3.141593, 3.141593
-3.141593, 3.141593
-3.141593, 3.141593
Bip01 R Clavicle
1
0.039311, -0.998440, 0.039654
-0.889604, -0.053043, -0.453642
0.455037, -0.017443, -0.890302
-2.777611, -1.100085, -8.631483
-3.141593, 3.141593
-3.141593, 3.141593
-3.141593, 3.141593
Bip01 R UpperArm
7
0.240458, 0.764755, 0.597771
-0.891460, 0.417641, -0.175710
-0.384029, -0.490639, 0.782174
23.329920, 0.000001, -0.000003
-3.141593, 3.141593
-3.141593, 3.141593
-3.141593, 3.141593
Bip01 R Forearm
8
0.792528, -0.000000, 0.609835
0.000000, 1.000000, 0.000000
-0.609835, -0.000000, 0.792528
26.823034, 0.000002, 0.000000
-3.141593, 3.141593
-3.141593, 3.141593
-3.141593, 3.141593
Bip01 R Hand
9
0.990086, -0.140464, 0.000000
0.000112, 0.000788, 1.000000
-0.140464, -0.990085, 0.000796
23.416616, -0.000002, 0.000001
-3.141593, 3.141593
-3.141593, 3.141593
-3.141593, 3.141593
Bip01 R Thigh
0
-0.972718, -0.034798, 0.229367
0.036871, -0.999309, 0.004753
0.229043, 0.013081, 0.973328
-10.236695, -11.317780, -8.493977
-3.141593, 3.141593
-3.141593, 3.141593
-3.141593, 3.141593
Bip01 Pelvis
24
-0.000000, 0.999891, -0.014798
-0.000001, -0.014798, -0.999891
-1.000000, 0.000000, 0.000001
3.715813, -0.020828, -0.132614
-3.141593, 3.141593
-3.141593, 3.141593
-3.141593, 3.141593
Bip01 R Calf
11
0.962645, 0.000000, 0.270768
-0.000000, 1.000000, 0.000000
-0.270768, -0.000000, 0.962645
43.582237, 0.000003, -0.000000
-3.141593, 3.141593
-3.141593, 3.141593
-3.141593, 3.141593
Bip01 R Foot
13
0.935711, -0.003502, -0.352750
0.022014, 0.998581, 0.048482
0.352080, -0.053131, 0.934461
33.856213, 0.000001, -0.000001
-3.141593, 3.141593
-3.141593, 3.141593
-3.141593, 3.141593
Bip01 R Toe0
14
-0.173648, 0.000000, -0.984808
0.000000, 1.000000, -0.000000
0.984808, -0.000000, -0.173648
13.060970, 0.000001, -16.898964
-3.141593, 3.141593
-3.141593, 3.141593
-3.141593, 3.141593
Bip01 L Thigh
0
-0.894350, -0.023380, -0.446756
0.106395, -0.981097, -0.161646
-0.434531, -0.192101, 0.879932
-11.416674, 9.353610, -9.694923
-3.141593, 3.141593
-3.141593, 3.141593
-3.141593, 3.141593
Bip01 L Calf
16
0.984714, -0.000000, 0.174179
-0.000000, 1.000000, 0.000000
-0.174179, 0.000000, 0.984714
43.582237, -0.000000, 0.000002
-3.141593, 3.141593
-3.141593, 3.141593
-3.141593, 3.141593
Bip01 L Foot
17
0.996138, -0.077473, -0.041308
0.076017, 0.996467, -0.035715
0.043929, 0.032437, 0.998508
33.856213, 0.000000, 0.000003
-3.141593, 3.141593
-3.141593, 3.141593
-3.141593, 3.141593
Bip01 L Toe0
18
-0.000000, 0.000000, -1.000000
0.000000, 1.000000, 0.000000
1.000000, -0.000000, 0.000000
13.060971, 0.000001, -16.898964
-3.141593, 3.141593
-3.141593, 3.141593
-3.141593, 3.141593
Bip01 Head
1
0.823291, -0.072105, 0.563021
0.228612, 0.950014, -0.212627
-0.519546, 0.303767, 0.798622
5.940814, 0.000000, 0.000002
-3.141593, 3.141593
-3.141593, 3.141593
-3.141593, 3.141593
Bip01 L Hand
6
0.990086, 0.140464, 0.000000
-0.000112, 0.000788, -1.000000
-0.140464, 0.990085, 0.000796
23.416613, -0.000001, -0.000002
-3.141593, 3.141593
-3.141593, 3.141593
-3.141593, 3.141593
Bip01 L Finger0
21
0.061049, -0.000795, -0.998134
-0.000000, 1.000000, -0.000796
0.998135, 0.000049, 0.061049
11.191447, 0.000001, -0.000003
-3.141593, 3.141593
-3.141593, 3.141593
-3.141593, 3.141593
Bip01 R Finger0
10
0.061049, 0.000795, -0.998134
-0.000000, 1.000000, 0.000796
0.998135, -0.000049, 0.061049
11.191448, 0.000002, 0.000001
-3.141593, 3.141593
-3.141593, 3.141593
-3.141593, 3.141593
Bip01
-1
0.000001, -0.000000, 1.000000
-0.000041, 1.000000, 0.000000
-1.000000, -0.000041, 0.000001
3.182375, 87.102028, 9.551372
-3.141593, 3.141593
-3.141593, 3.141593
-3.141593, 3.141593
