Bip01 Pelvis
24
0.000000, 1.000000, 0.000001
-0.000001, 0.000001, -1.000000
-1.000000, 0.000000, 0.000001
-0.037044, -0.020828, 0.000520
-3.141593, 3.141593
-3.141593, 3.141593
-3.141593, 3.141593
Bip01 R Thigh
2
-0.992072, -0.104338, 0.070043
0.119273, -0.957306, 0.263325
0.039578, 0.269591, 0.962161
-7.051256, -9.088945, -6.079775
-3.141593, 3.141593
-3.141593, 3.141593
-3.141593, 3.141593
Bip01 Spine
0
0.995472, 0.000002, 0.095053
-0.000001, 1.000000, -0.000004
-0.095053, 0.000004, 0.995472
6.441429, 0.000018, 6.722460
-3.141593, 3.141593
-3.141593, 3.141593
-3.141593, 3.141593
Bip01 L Thigh
2
-0.993615, 0.092950, 0.063953
-0.106705, -0.958329, -0.264990
0.036657, -0.270122, 0.962128
-7.051256, 9.088980, -6.079724
-3.141593, 3.141593
-3.141593, 3.141593
-3.141593, 3.141593
Bip01 R Calf
1
0.973119, -0.000000, 0.230304
-0.000000, 1.000000, 0.000000
-0.230304, -0.000000, 0.973119
49.864075, 0.000002, -0.000000
-3.141593, 3.141593
-3.141593, 3.141593
-3.141593, 3.141593
Bip01 R Foot
4
0.979501, -0.093703, -0.178319
0.123442, 0.978748, 0.163752
0.159186, -0.182407, 0.970251
31.752735, -0.000000, -0.000001
-3.141593, 3.141593
-3.141593, 3.141593
-3.141593, 3.141593
Bip01 L Calf
3
0.969098, 0.000000, 0.246677
-0.000000, 1.000000, 0.000000
-0.246677, -0.000000, 0.969098
49.864075, 0.000001, 0.000001
-3.141593, 3.141593
-3.141593, 3.141593
-3.141593, 3.141593
Bip01 L Foot
6
0.977999, 0.081034, -0.192229
-0.113474, 0.979869, -0.164255
0.175049, 0.182454, 0.967506
31.752735, -0.000000, 0.000000
-3.141593, 3.141593
-3.141593, 3.141593
-3.141593, 3.141593
Bip01 L Toe0
7
-0.000000, 0.000000, -1.000000
0.000000, 1.000000, 0.000000
1.000000, 0.000000, -0.000000
14.023839, -0.000000, -8.536035
-3.141593, 3.141593
-3.141593, 3.141593
-3.141593, 3.141593
Bip01 R Toe0
5
-0.000000, 0.000000, -1.000000
-0.000000, 1.000000, -0.000000
1.000000, -0.000000, 0.000000
14.023839, 0.000001, -8.536036
-3.141593, 3.141593
-3.141593, 3.141593
-3.141593, 3.141593
Bip01 Spine2
13
0.936672, 0.000001, -0.350208
-0.000001, 1.000000, 0.000000
0.350208, 0.000000, 0.936672
21.222939, 0.000001, 0.009265
-3.141593, 3.141593
-3.141593, 3.141593
-3.141593, 3.141593
Bip01 Neck
10
0.994181, -0.026031, -0.104528
0.026176, 0.999657, 0.000021
0.104492, -0.002757, 0.994522
12.419655, -0.000017, 0.006266
-3.141593, 3.141593
-3.141593, 3.141593
-3.141593, 3.141593
Bip01 L Clavicle
11
-0.001124, 0.999848, 0.017427
0.994488, -0.000709, 0.104853
0.104849, 0.017449, -0.994335
-4.529020, 0.603418, -5.586189
-3.141593, 3.141593
-3.141593, 3.141593
-3.141593, 3.141593
Bip01 Spine1
2
0.997564, 0.000000, -0.069756
-0.000000, 1.000000, 0.000000
0.069756, 0.000000, 0.997564
16.090200, -0.000001, 0.016856
-3.141593, 3.141593
-3.141593, 3.141593
-3.141593, 3.141593
Bip01 L UpperArm
12
0.205409, -0.934787, 0.289793
0.963012, 0.140291, -0.230058
0.174400, 0.326330, 0.929028
13.804218, 0.000005, -0.000002
-3.141593, 3.141593
-3.141593, 3.141593
-3.141593, 3.141593
Bip01 R Clavicle
11
0.050911, -0.998440, 0.022932
-0.993088, -0.053043, -0.104705
0.105758, -0.017443, -0.994239
-4.490677, -0.869024, -5.582132
-3.141593, 3.141593
-3.141593, 3.141593
-3.141593, 3.141593
Bip01 Head
11
0.967611, 0.025888, 0.251116
-0.026030, 0.999657, -0.002757
-0.251101, -0.003869, 0.967953
7.912509, -0.000000, -0.000002
-3.141593, 3.141593
-3.141593, 3.141593
-3.141593, 3.141593
Bip01 R UpperArm
15
0.259672, 0.962888, 0.073597
-0.953827, 0.243822, 0.175402
0.150948, -0.115746, 0.981742
13.804218, -0.000015, -0.000004
-3.141593, 3.141593
-3.141593, 3.141593
-3.141593, 3.141593
Bip01 R Forearm
17
0.724652, 0.000000, 0.689115
-0.000000, 1.000000, -0.000000
-0.689115, 0.000000, 0.724652
32.365761, -0.000000, -0.000000
-3.141593, 3.141593
-3.141593, 3.141593
-3.141593, 3.141593
Bip01 R Hand
18
0.985307, 0.158220, -0.064319
0.154548, -0.665650, 0.730085
0.072700, -0.729299, -0.680322
23.665350, -0.000002, 0.000001
-3.141593, 3.141593
-3.141593, 3.141593
-3.141593, 3.141593
Bip01 R Finger0
19
0.818255, -0.120295, -0.562128
0.083169, 0.992344, -0.091298
0.568807, 0.027953, 0.821996
8.164786, 0.000000, -0.000002
-3.141593, 3.141593
-3.141593, 3.141593
-3.141593, 3.141593
Bip01 L Forearm
14
0.894606, -0.000000, 0.446856
0.000000, 1.000000, 0.000000
-0.446856, 0.000000, 0.894606
32.365761, -0.000002, -0.000000
-3.141593, 3.141593
-3.141593, 3.141593
-3.141593, 3.141593
Bip01 L Hand
21
0.985307, -0.158220, -0.064319
-0.154548, -0.665650, -0.730085
0.072700, 0.729299, -0.680322
23.665348, 0.000002, 0.000002
-3.141593, 3.141593
-3.141593, 3.141593
-3.141593, 3.141593
Bip01 L Finger0
22
0.818255, 0.120295, -0.562128
-0.083169, 0.992344, 0.091298
0.568807, -0.027953, 0.821996
8.164790, -0.000003, 0.000000
-3.141593, 3.141593
-3.141593, 3.141593
-3.141593, 3.141593
Bip01
-1
0.000001, 0.000000, 1.000000
0.000000, 1.000000, 0.000000
-1.000000, 0.000000, 0.000001
0.221457, 94.487648, 0.186881
-3.141593, 3.141593
-3.141593, 3.141593
-3.141593, 3.141593
