Bip01 Pelvis
24
-0.000000, 0.999891, -0.014798
-0.000001, -0.014798, -0.999891
-1.000000, 0.000000, 0.000001
-0.926712, -0.020824, -0.219843
-3.141593, 3.141593
-3.141593, 3.141593
-3.141593, 3.141593
Bip01 R Thigh
0
-0.966390, 0.006732, 0.256991
-0.020999, -0.998384, -0.052812
0.256220, -0.056433, 0.964970
0.000014, -9.088963, 0.000010
-3.141593, 3.141593
-3.141593, 3.141593
-3.141593, 3.141593
Bip01 Spine
0
0.998190, -0.056893, -0.019516
0.057920, 0.996700, 0.056876
0.016216, -0.057904, 0.998190
6.442151, -0.096071, 6.722495
-3.141593, 3.141593
-3.141593, 3.141593
-3.141593, 3.141593
Bip01 L Thigh
0
-0.904432, 0.051866, -0.423453
0.046756, -0.974552, -0.219231
-0.424047, -0.218079, 0.878991
-0.000007, 9.088962, -0.000017
-3.141593, 3.141593
-3.141593, 3.141593
-3.141593, 3.141593
Bip01 R Calf
1
0.961332, 0.000000, 0.275393
-0.000000, 1.000000, -0.000000
-0.275393, 0.000000, 0.961332
49.864079, -0.000001, 0.000002
-3.141593, 3.141593
-3.141593, 3.141593
-3.141593, 3.141593
Bip01 R Foot
4
0.929865, -0.003502, -0.367885
0.022798, 0.998581, 0.048119
0.367195, -0.053131, 0.928625
31.752745, -0.000003, -0.000000
-3.141593, 3.141593
-3.141593, 3.141593
-3.141593, 3.141593
Bip01 L Calf
3
0.984175, 0.000000, 0.177197
-0.000000, 1.000000, -0.000000
-0.177197, 0.000000, 0.984175
49.864079, 0.000002, 0.000001
-3.141593, 3.141593
-3.141593, 3.141593
-3.141593, 3.141593
Bip01 L Foot
6
0.995659, -0.077473, -0.051591
0.075644, 0.996467, -0.036498
0.054236, 0.032437, 0.998001
31.752737, -0.000001, 0.000003
-3.141593, 3.141593
-3.141593, 3.141593
-3.141593, 3.141593
Bip01 L Toe0
7
-0.000000, 0.000000, -1.000000
0.000000, 1.000000, 0.000000
1.000000, -0.000000, 0.000000
14.023838, -0.000001, -8.536033
-3.141593, 3.141593
-3.141593, 3.141593
-3.141593, 3.141593
Bip01 R Toe0
5
-0.173648, 0.000000, -0.984808
0.000000, 1.000000, -0.000000
0.984808, -0.000000, -0.173648
14.023838, 0.000000, -8.536036
-3.141593, 3.141593
-3.141593, 3.141593
-3.141593, 3.141593
Bip01 Spine2
13
0.928657, 0.101310, -0.356836
-0.041385, 0.984272, 0.171744
0.368623, -0.144724, 0.918244
21.223124, -0.001432, 0.009082
-3.141593, 3.141593
-3.141593, 3.141593
-3.141593, 3.141593
Bip01 Neck
10
0.994181, -0.026031, -0.104528
0.026177, 0.999657, 0.000021
0.104492, -0.002757, 0.994522
12.419648, -0.000017, 0.006262
-3.141593, 3.141593
-3.141593, 3.141593
-3.141593, 3.141593
Bip01 L Clavicle
11
-0.001124, 0.999847, 0.017427
0.994488, -0.000709, 0.104853
0.104849, 0.017449, -0.994335
-4.529017, 0.603418, -5.586186
-3.141593, 3.141593
-3.141593, 3.141593
-3.141593, 3.141593
Bip01 Spine1
2
0.995361, 0.024012, -0.093169
-0.018461, 0.998028, 0.060001
0.094426, -0.058002, 0.993841
16.090626, -0.000981, 0.016793
-3.141593, 3.141593
-3.141593, 3.141593
-3.141593, 3.141593
Bip01 L UpperArm
12
0.317894, -0.937233, 0.143310
0.655228, 0.326414, 0.681271
-0.685288, -0.122671, 0.717866
13.804216, 0.000007, -0.000000
-3.141593, 3.141593
-3.141593, 3.141593
-3.141593, 3.141593
Bip01 R Clavicle
11
0.050912, -0.998440, 0.022932
-0.993088, -0.053044, -0.104705
0.105758, -0.017443, -0.994239
-4.490675, -0.869025, -5.582131
-3.141593, 3.141593
-3.141593, 3.141593
-3.141593, 3.141593
Bip01 Head
11
0.942300, -0.055815, 0.330083
0.152374, 0.949455, -0.274439
-0.298081, 0.308900, 0.903177
7.912504, 0.000000, -0.000004
-3.141593, 3.141593
-3.141593, 3.141593
-3.141593, 3.141593
Bip01 R UpperArm
15
0.258709, 0.696081, 0.669732
-0.887668, 0.444749, -0.119351
-0.380940, -0.563623, 0.732949
13.804218, 0.000002, -0.000000
-3.141593, 3.141593
-3.141593, 3.141593
-3.141593, 3.141593
Bip01 R Forearm
17
0.792528, 0.000000, 0.609835
0.000000, 1.000000, 0.000000
-0.609835, -0.000000, 0.792528
32.365761, -0.000001, -0.000001
-3.141593, 3.141593
-3.141593, 3.141593
-3.141593, 3.141593
Bip01 R Hand
18
0.990086, -0.140464, 0.000000
0.000112, 0.000788, 1.000000
-0.140464, -0.990085, 0.000796
23.665344, -0.000005, -0.000002
-3.141593, 3.141593
-3.141593, 3.141593
-3.141593, 3.141593
Bip01 R Finger0
19
-0.152541, -0.077858, -0.985225
0.083169, 0.992344, -0.091298
0.984791, -0.095867, -0.144898
8.164791, -0.000001, 0.000003
-3.141593, 3.141593
-3.141593, 3.141593
-3.141593, 3.141593
Bip01 L Forearm
14
0.955746, -0.000000, 0.294192
0.000000, 1.000000, 0.000000
-0.294192, -0.000000, 0.955746
32.365761, -0.000001, 0.000001
-3.141593, 3.141593
-3.141593, 3.141593
-3.141593, 3.141593
Bip01 L Hand
21
0.990086, 0.140464, 0.000000
-0.000112, 0.000788, -1.000000
-0.140464, 0.990085, 0.000796
23.665344, 0.000001, -0.000003
-3.141593, 3.141593
-3.141593, 3.141593
-3.141593, 3.141593
Bip01 L Finger0
22
-0.152541, 0.077858, -0.985225
-0.083169, 0.992345, 0.091298
0.984791, 0.095867, -0.144898
8.164791, -0.000002, -0.000001
-3.141593, 3.141593
-3.141593, 3.141593
-3.141593, 3.141593
Bip01
-1
0.000001, -0.000000, 1.000000
-0.000041, 1.000000, 0.000000
-1.000000, -0.000041, 0.000001
3.182375, 89.974541, 9.551372
-3.141593, 3.141593
-3.141593, 3.141593
-3.141593, 3.141593
