Bip01 Spine1
1
0.995361, 0.024012, -0.093169
-0.018461, 0.998028, 0.060001
0.094426, -0.058002, 0.993841
15.005682, -0.000970, 0.016615
-3.141593, 3.141593
-3.141593, 3.141593
-3.141593, 3.141593
Bip01 Spine
2
0.998190, -0.056893, -0.019516
0.057920, 0.996700, 0.056876
0.016216, -0.057904, 0.998190
9.311891, -0.138488, 9.710667
-3.141593, 3.141593
-3.141593, 3.141593
-3.141593, 3.141593
Bip01 Pelvis
24
-0.000000, 0.999891, -0.014798
-0.000001, -0.014798, -0.999891
-1.000000, 0.000000, 0.000001
3.780603, -0.020826, -0.064578
-3.141593, 3.141593
-3.141593, 3.141593
-3.141593, 3.141593
Bip01 Spine2
0
0.928657, 0.101310, -0.356836
-0.041385, 0.984272, 0.171744
0.368623, -0.144724, 0.918244
20.998508, -0.001891, 0.011995
-3.141593, 3.141593
-3.141593, 3.141593
-3.141593, 3.141593
Bip01 L UpperArm
5
0.398369, -0.905961, 0.143311
0.624286, 0.382278, 0.681271
-0.671989, -0.181930, 0.717866
18.944715, 0.000005, -0.000004
-3.141593, 3.141593
-3.141593, 3.141593
-3.141593, 3.141593
Bip01 L Clavicle
6
-0.078108, 0.996105, -0.040920
0.773075, 0.086434, 0.628398
0.629488, 0.017449, -0.776815
-1.041219, 0.827437, -9.805109
-3.141593, 3.141593
-3.141593, 3.141593
-3.141593, 3.141593
Bip01 Neck
3
0.776880, -0.020329, -0.629320
0.026175, 0.999657, 0.000021
0.629104, -0.016489, 0.777146
16.405098, -0.000094, 0.004440
-3.141593, 3.141593
-3.141593, 3.141593
-3.141593, 3.141593
Bip01 Head
6
0.465080, 0.001410, 0.885267
0.277264, 0.949455, -0.147174
-0.840729, 0.313900, 0.441182
7.181298, 0.000001, 0.000003
-3.141593, 3.141593
-3.141593, 3.141593
-3.141593, 3.141593
Bip01 L Thigh
1
-0.897481, -0.024774, -0.440357
0.106395, -0.981097, -0.161646
-0.428029, -0.191926, 0.883151
-9.811966, 11.284265, -10.563106
-3.141593, 3.141593
-3.141593, 3.141593
-3.141593, 3.141593
Bip01 R UpperArm
10
0.318392, 0.670884, 0.669733
-0.845528, 0.520421, -0.119351
-0.428613, -0.528277, 0.732949
18.944715, -0.000001, -0.000000
-3.141593, 3.141593
-3.141593, 3.141593
-3.141593, 3.141593
Bip01 R Clavicle
6
-0.037527, -0.999264, -0.008012
-0.775528, 0.034179, -0.630388
0.630197, -0.017444, -0.776239
-1.000154, -1.191635, -9.771805
-3.141593, 3.141593
-3.141593, 3.141593
-3.141593, 3.141593
Bip01 R Thigh
1
-0.970040, -0.034647, 0.240463
0.036871, -0.999309, 0.004753
0.240132, 0.013477, 0.970647
-8.414817, -13.191511, -9.141136
-3.141593, 3.141593
-3.141593, 3.141593
-3.141593, 3.141593
Bip01 R Forearm
9
0.792528, -0.000000, 0.609835
0.000000, 1.000000, 0.000000
-0.609835, -0.000000, 0.792528
28.892765, 0.000001, -0.000002
-3.141593, 3.141593
-3.141593, 3.141593
-3.141593, 3.141593
Bip01 L Forearm
4
0.955746, -0.000000, 0.294192
0.000000, 1.000000, 0.000000
-0.294192, 0.000000, 0.955746
28.892761, -0.000000, -0.000003
-3.141593, 3.141593
-3.141593, 3.141593
-3.141593, 3.141593
Bip01 L Calf
8
0.984174, -0.000000, 0.177202
0.000000, 1.000000, 0.000000
-0.177202, -0.000000, 0.984174
42.662037, -0.000001, 0.000001
-3.141593, 3.141593
-3.141593, 3.141593
-3.141593, 3.141593
Bip01 R Calf
11
0.961330, 0.000000, 0.275398
0.000000, 1.000000, -0.000000
-0.275398, 0.000000, 0.961330
42.662052, -0.000001, -0.000000
-3.141593, 3.141593
-3.141593, 3.141593
-3.141593, 3.141593
Bip01 R Foot
15
0.929864, -0.003502, -0.367888
0.022798, 0.998581, 0.048119
0.367197, -0.053131, 0.928624
27.166569, -0.000000, 0.000000
-3.141593, 3.141593
-3.141593, 3.141593
-3.141593, 3.141593
Bip01 R Toe0
16
-0.173648, 0.000000, -0.984808
0.000000, 1.000000, -0.000000
0.984808, -0.000000, -0.173648
13.078171, 0.000001, -10.268948
-3.141593, 3.141593
-3.141593, 3.141593
-3.141593, 3.141593
Bip01 L Foot
14
0.995659, -0.077472, -0.051594
0.075644, 0.996467, -0.036498
0.054239, 0.032437, 0.998001
27.166565, 0.000001, 0.000002
-3.141593, 3.141593
-3.141593, 3.141593
-3.141593, 3.141593
Bip01 L Toe0
18
-0.000000, 0.000000, -1.000000
0.000000, 1.000000, 0.000000
1.000000, -0.000000, 0.000000
13.078171, -0.000000, -10.268949
-3.141593, 3.141593
-3.141593, 3.141593
-3.141593, 3.141593
Bip01 L Hand
13
0.990086, 0.140464, 0.000000
-0.000112, 0.000788, -1.000000
-0.140464, 0.990085, 0.000796
21.529488, 0.000002, 0.000003
-3.141593, 3.141593
-3.141593, 3.141593
-3.141593, 3.141593
Bip01 L Finger0
20
0.126552, 0.069957, -0.989490
-0.027353, 0.997377, 0.067016
0.991583, 0.018584, 0.128134
11.332235, 0.000003, 0.000001
-3.141593, 3.141593
-3.141593, 3.141593
-3.141593, 3.141593
Bip01 R Hand
12
0.990086, -0.140464, 0.000000
0.000112, 0.000788, 1.000000
-0.140464, -0.990085, 0.000796
21.529491, -0.000001, 0.000002
-3.141593, 3.141593
-3.141593, 3.141593
-3.141593, 3.141593
Bip01 R Finger0
22
0.126552, -0.069957, -0.989490
0.027353, 0.997377, -0.067016
0.991583, -0.018584, 0.128134
11.332240, -0.000006, -0.000001
-3.141593, 3.141593
-3.141593, 3.141593
-3.141593, 3.141593
Bip01
-1
0.000001, -0.000000, 1.000000
-0.000041, 1.000000, 0.000000
-1.000000, -0.000041, 0.000001
3.182375, 79.257828, 9.551372
-3.141593, 3.141593
-3.141593, 3.141593
-3.141593, 3.141593
