Bip01 Spine1
1
0.998341, 0.014591, -0.055705
-0.009350, 0.995602, 0.093220
0.056821, -0.092545, 0.994086
15.005043, -0.001548, 0.016619
-3.141593, 3.141593
-3.141593, 3.141593
-3.141593, 3.141593
Bip01 Spine
2
0.995255, -0.053465, 0.081301
0.051286, 0.998272, 0.028668
-0.082693, -0.024363, 0.996277
9.310313, -0.162792, 9.710643
-3.141593, 3.141593
-3.141593, 3.141593
-3.141593, 3.141593
Bip01 Pelvis
24
-0.000000, 0.999848, -0.017451
-0.000001, -0.017451, -0.999848
-1.000000, -0.000000, 0.000001
-0.037044, -0.020826, 0.000520
-3.141593, 3.141593
-3.141593, 3.141593
-3.141593, 3.141593
Bip01 Spine2
0
0.941364, 0.026922, -0.336316
-0.008827, 0.998435, 0.055219
0.337276, -0.049013, 0.940129
20.998077, -0.000639, 0.012280
-3.141593, 3.141593
-3.141593, 3.141593
-3.141593, 3.141593
Bip01 L UpperArm
5
0.567803, -0.763802, 0.306931
0.649334, 0.644768, 0.403286
-0.505930, -0.029686, 0.862064
18.944717, -0.000008, 0.000002
-3.141593, 3.141593
-3.141593, 3.141593
-3.141593, 3.141593
Bip01 L Clavicle
6
-0.204668, 0.973956, -0.097572
0.749572, 0.220056, 0.624273
0.629486, 0.054631, -0.775089
-1.041264, 1.295450, -9.754281
-3.141593, 3.141593
-3.141593, 3.141593
-3.141593, 3.141593
Bip01 Neck
3
0.776880, -0.020367, -0.629319
-0.003934, 0.999300, -0.037197
0.629636, 0.031374, 0.776256
16.405115, 0.000179, 0.004442
-3.141593, 3.141593
-3.141593, 3.141593
-3.141593, 3.141593
Bip01 Head
6
0.679570, -0.033349, 0.732852
0.002371, 0.999061, 0.043265
-0.733607, -0.027664, 0.679011
7.181289, -0.000001, -0.000005
-3.141593, 3.141593
-3.141593, 3.141593
-3.141593, 3.141593
Bip01 L Thigh
1
-0.979283, 0.126176, -0.158383
-0.041847, -0.891361, -0.451359
-0.198127, -0.435380, 0.878174
-10.720802, 11.663837, -9.207716
-3.141593, 3.141593
-3.141593, 3.141593
-3.141593, 3.141593
Bip01 R UpperArm
10
0.827608, -0.182903, 0.530671
-0.501599, 0.183325, 0.845453
-0.251921, -0.965887, 0.059978
18.944715, 0.000004, 0.000001
-3.141593, 3.141593
-3.141593, 3.141593
-3.141593, 3.141593
Bip01 R Clavicle
6
-0.038162, -0.997680, -0.056372
-0.775497, 0.065146, -0.627981
0.630197, 0.019751, -0.776184
-1.000124, -0.722901, -9.817654
-3.141593, 3.141593
-3.141593, 3.141593
-3.141593, 3.141593
Bip01 R Thigh
1
-0.972601, -0.159140, 0.169474
0.212849, -0.902744, 0.373830
0.093501, 0.399660, 0.911883
-9.407828, -12.850562, -8.609412
-3.141593, 3.141593
-3.141593, 3.141593
-3.141593, 3.141593
Bip01 R Forearm
9
-0.464430, 0.000000, 0.885610
0.000000, 1.000000, -0.000000
-0.885610, -0.000000, -0.464430
28.892765, 0.000001, 0.000002
-3.141593, 3.141593
-3.141593, 3.141593
-3.141593, 3.141593
Bip01 L Forearm
4
0.919929, -0.000000, 0.392085
-0.000000, 1.000000, -0.000000
-0.392085, -0.000000, 0.919929
28.892765, -0.000004, 0.000002
-3.141593, 3.141593
-3.141593, 3.141593
-3.141593, 3.141593
Bip01 L Calf
8
0.914890, 0.000000, 0.403704
0.000000, 1.000000, 0.000000
-0.403704, -0.000000, 0.914890
42.662052, 0.000003, 0.000002
-3.141593, 3.141593
-3.141593, 3.141593
-3.141593, 3.141593
Bip01 R Calf
11
0.973119, -0.000000, 0.230305
0.000000, 1.000000, -0.000000
-0.230305, 0.000000, 0.973118
42.662041, -0.000001, 0.000001
-3.141593, 3.141593
-3.141593, 3.141593
-3.141593, 3.141593
Bip01 R Foot
15
0.956199, -0.149799, -0.251483
0.166114, 0.985087, 0.044825
0.241018, -0.084637, 0.966823
27.166563, -0.000001, 0.000001
-3.141593, 3.141593
-3.141593, 3.141593
-3.141593, 3.141593
Bip01 R Toe0
16
0.000000, 0.000000, -1.000000
-0.000000, 1.000000, 0.000000
1.000000, 0.000000, 0.000000
13.078171, -0.000002, -10.268950
-3.141593, 3.141593
-3.141593, 3.141593
-3.141593, 3.141593
Bip01 L Foot
14
0.992148, 0.029811, -0.121463
-0.049853, 0.984953, -0.165476
0.114702, 0.170232, 0.978705
27.166563, 0.000001, -0.000000
-3.141593, 3.141593
-3.141593, 3.141593
-3.141593, 3.141593
Bip01 L Toe0
18
0.000000, -0.000000, -1.000000
-0.000000, 1.000000, -0.000000
1.000000, 0.000000, 0.000000
13.078172, 0.000001, -10.268950
-3.141593, 3.141593
-3.141593, 3.141593
-3.141593, 3.141593
Bip01 L Hand
13
0.997604, -0.031017, -0.061837
-0.065956, -0.156761, -0.985432
0.020871, 0.987150, -0.158431
21.529478, 0.000002, -0.000001
-3.141593, 3.141593
-3.141593, 3.141593
-3.141593, 3.141593
Bip01 L Finger0
20
0.697819, 0.067054, -0.713129
-0.027353, 0.997377, 0.067016
0.715752, -0.027259, 0.697822
11.332242, 0.000002, 0.000002
-3.141593, 3.141593
-3.141593, 3.141593
-3.141593, 3.141593
Bip01 R Hand
12
0.997604, 0.031017, -0.061837
0.068868, -0.530009, 0.845191
-0.006559, -0.847424, -0.530876
21.529486, 0.000005, 0.000003
-3.141593, 3.141593
-3.141593, 3.141593
-3.141593, 3.141593
Bip01 R Finger0
22
-0.345609, -0.053471, -0.936854
0.027353, 0.997377, -0.067016
0.937980, -0.048787, -0.343240
11.332242, -0.000001, 0.000002
-3.141593, 3.141593
-3.141593, 3.141593
-3.141593, 3.141593
Bip01
-1
-0.405615, 0.006985, 0.914017
0.004477, 0.999974, -0.005655
-0.914033, 0.001798, -0.405635
1.529608, 81.135147, -4.857102
-3.141593, 3.141593
-3.141593, 3.141593
-3.141593, 3.141593
