Bip01 Neck
4
0.990873, -0.134796, -0.000291
0.131495, 0.967075, -0.217889
0.029652, 0.215863, 0.975973
10.035634, 0.001320, 0.005962
-3.141593, 3.141593
-3.141593, 3.141593
-3.141593, 3.141593
Bip01 L Clavicle
0
-0.185780, 0.954800, 0.232042
0.982590, 0.180867, 0.042468
-0.001420, 0.235891, -0.971778
-3.547286, 0.797604, -3.431386
-3.141593, 3.141593
-3.141593, 3.141593
-3.141593, 3.141593
Bip01 Head
0
0.998438, -0.028722, 0.047923
0.028701, 0.999587, 0.001123
-0.047936, 0.000254, 0.998850
7.672667, 0.000000, 0.000002
-3.141593, 3.141593
-3.141593, 3.141593
-3.141593, 3.141593
Bip01 R Clavicle
0
0.002555, -0.977569, -0.210601
-0.999994, -0.002053, -0.002599
0.002109, 0.210606, -0.977569
-3.409768, -0.189015, -3.651615
-3.141593, 3.141593
-3.141593, 3.141593
-3.141593, 3.141593
Bip01 Spine2
5
0.943589, 0.136365, -0.301736
-0.128014, 0.990640, 0.047379
0.305372, -0.006080, 0.952214
17.149334, -0.000049, 0.007609
-3.141593, 3.141593
-3.141593, 3.141593
-3.141593, 3.141593
Bip01 Spine1
6
0.998504, -0.052255, 0.016125
0.046796, 0.969024, 0.242491
-0.028297, -0.241373, 0.970020
13.000716, -0.003296, 0.013245
-3.141593, 3.141593
-3.141593, 3.141593
-3.141593, 3.141593
Bip01 Spine
7
0.998423, -0.038232, 0.041116
0.033682, 0.993777, 0.106177
-0.044920, -0.104625, 0.993497
11.280139, 0.167347, 1.773198
-3.141593, 3.141593
-3.141593, 3.141593
-3.141593, 3.141593
Bip01 Pelvis
24
0.000000, 0.999962, 0.008728
-0.000001, 0.008728, -0.999962
-1.000000, 0.000000, 0.000001
-0.037044, -0.020828, 0.000520
-3.141593, 3.141593
-3.141593, 3.141593
-3.141593, 3.141593
Bip01 L Thigh
6
-0.967793, -0.139415, -0.209619
0.142446, -0.989802, 0.000643
-0.207572, -0.029237, 0.977783
-11.665832, 8.024088, -2.159574
-3.141593, 3.141593
-3.141593, 3.141593
-3.141593, 3.141593
Bip01 R Thigh
6
-0.944007, 0.085702, 0.318600
-0.034349, -0.985955, 0.163441
0.328132, 0.143345, 0.933692
-10.991894, -9.493113, -0.315345
-3.141593, 3.141593
-3.141593, 3.141593
-3.141593, 3.141593
Bip01 L Calf
8
0.999997, 0.000000, 0.002607
0.000000, 1.000000, 0.000000
-0.002607, -0.000000, 0.999997
46.165287, 0.000001, -0.000000
-3.141593, 3.141593
-3.141593, 3.141593
-3.141593, 3.141593
Bip01 L Foot
10
0.994512, -0.084496, -0.061699
0.086539, 0.995759, 0.031231
0.058798, -0.036399, 0.997606
32.996880, 0.000001, 0.000001
-3.141593, 3.141593
-3.141593, 3.141593
-3.141593, 3.141593
Bip01 L Toe0
11
-0.104528, -0.000000, -0.994522
-0.000000, 1.000000, -0.000000
0.994522, 0.000000, -0.104528
13.598748, -0.000000, -8.277294
-3.141593, 3.141593
-3.141593, 3.141593
-3.141593, 3.141593
Bip01 R Calf
9
0.995853, -0.000000, 0.090976
0.000000, 1.000000, -0.000000
-0.090976, 0.000000, 0.995853
46.165291, -0.000002, 0.000002
-3.141593, 3.141593
-3.141593, 3.141593
-3.141593, 3.141593
Bip01 R Foot
13
0.992070, 0.122209, -0.029360
-0.124303, 0.988565, -0.085367
0.018592, 0.088339, 0.995917
32.996872, 0.000003, -0.000000
-3.141593, 3.141593
-3.141593, 3.141593
-3.141593, 3.141593
Bip01 R Toe0
14
-0.350207, 0.000000, -0.936672
0.000000, 1.000000, 0.000000
0.936672, -0.000000, -0.350207
13.598749, 0.000000, -8.277293
-3.141593, 3.141593
-3.141593, 3.141593
-3.141593, 3.141593
Bip01 L UpperArm
1
0.394305, -0.876383, -0.276543
0.915631, 0.348993, 0.199560
-0.078380, -0.331899, 0.940053
13.167768, -0.000001, -0.000000
-3.141593, 3.141593
-3.141593, 3.141593
-3.141593, 3.141593
Bip01 R UpperArm
3
0.306911, 0.878449, 0.366241
-0.947421, 0.245380, 0.205384
0.090552, -0.410019, 0.907571
13.167766, -0.000008, -0.000002
-3.141593, 3.141593
-3.141593, 3.141593
-3.141593, 3.141593
Bip01 L Forearm
16
0.924172, -0.000000, 0.381975
0.000000, 1.000000, 0.000000
-0.381975, 0.000000, 0.924173
26.597193, -0.000001, 0.000004
-3.141593, 3.141593
-3.141593, 3.141593
-3.141593, 3.141593
Bip01 L Finger0
20
0.881335, 0.032314, -0.471386
-0.024859, 0.999448, 0.022035
0.471838, -0.007701, 0.881652
7.917299, -0.000001, -0.000001
-3.141593, 3.141593
-3.141593, 3.141593
-3.141593, 3.141593
Bip01 L Hand
18
0.965557, 0.250253, 0.071233
-0.002429, 0.282424, -0.959287
-0.260182, 0.926072, 0.273304
22.947992, 0.000004, -0.000000
-3.141593, 3.141593
-3.141593, 3.141593
-3.141593, 3.141593
Bip01 R Forearm
17
0.544329, 0.000000, 0.838872
-0.000000, 1.000000, -0.000000
-0.838872, 0.000000, 0.544329
26.597197, 0.000001, 0.000001
-3.141593, 3.141593
-3.141593, 3.141593
-3.141593, 3.141593
Bip01 R Finger0
23
0.881227, -0.038871, -0.471092
0.032152, 0.999234, -0.022305
0.471598, 0.004509, 0.881802
7.917297, -0.000003, -0.000004
-3.141593, 3.141593
-3.141593, 3.141593
-3.141593, 3.141593
Bip01 R Hand
21
0.977876, 0.164779, -0.128866
0.006130, 0.593199, 0.805033
0.209096, -0.788012, 0.579065
22.947996, -0.000000, -0.000000
-3.141593, 3.141593
-3.141593, 3.141593
-3.141593, 3.141593
Bip01
-1
-0.087154, 0.000000, 0.996195
0.000000, 1.000000, 0.000000
-0.996195, 0.000000, -0.087154
-0.447660, 89.943871, -1.732152
-3.141593, 3.141593
-3.141593, 3.141593
-3.141593, 3.141593
