Bip01 Neck
4
0.998953, -0.041110, -0.020077
0.040381, 0.998555, -0.035465
0.021506, 0.034617, 0.999169
10.035590, 0.000212, 0.006107
-3.141593, 3.141593
-3.141593, 3.141593
-3.141593, 3.141593
Bip01 L Clavicle
0
-0.014592, 0.998507, 0.052633
0.999690, 0.013508, 0.020894
0.020152, 0.052921, -0.998395
-3.458302, 0.492262, -3.576790
-3.141593, 3.141593
-3.141593, 3.141593
-3.141593, 3.141593
Bip01 Head
0
0.998420, 0.039727, 0.039738
-0.041110, 0.998555, 0.034617
-0.038305, -0.036196, 0.998610
7.672666, -0.000001, 0.000000
-3.141593, 3.141593
-3.141593, 3.141593
-3.141593, 3.141593
Bip01 R Clavicle
0
0.067586, -0.997576, -0.016571
-0.997480, -0.067201, -0.022756
0.021587, 0.018068, -0.999604
-3.416361, -0.526474, -3.612109
-3.141593, 3.141593
-3.141593, 3.141593
-3.141593, 3.141593
Bip01 Spine2
5
0.936672, 0.000001, -0.350208
-0.000001, 1.000000, 0.000000
0.350208, 0.000000, 0.936672
17.149687, 0.000000, 0.007487
-3.141593, 3.141593
-3.141593, 3.141593
-3.141593, 3.141593
Bip01 Spine1
6
0.998630, -0.000000, 0.052336
0.000000, 1.000000, -0.000000
-0.052336, 0.000000, 0.998629
13.000389, 0.000000, 0.013635
-3.141593, 3.141593
-3.141593, 3.141593
-3.141593, 3.141593
Bip01 Spine
7
0.995472, 0.000002, 0.095053
-0.000001, 1.000000, -0.000004
-0.095053, 0.000004, 0.995472
11.280660, 0.069983, 1.773218
-3.141593, 3.141593
-3.141593, 3.141593
-3.141593, 3.141593
Bip01 Pelvis
24
0.000000, 1.000000, 0.000001
-0.000001, 0.000001, -1.000000
-1.000000, 0.000000, 0.000001
-0.037044, -0.020828, 0.000520
-3.141593, 3.141593
-3.141593, 3.141593
-3.141593, 3.141593
Bip01 L Thigh
6
-0.984244, 0.084791, 0.155162
-0.123796, -0.957011, -0.262305
0.126250, -0.277380, 0.952429
-11.398137, 8.743488, -0.692910
-3.141593, 3.141593
-3.141593, 3.141593
-3.141593, 3.141593
Bip01 R Thigh
6
-0.986005, -0.060093, 0.155507
0.100430, -0.958633, 0.266340
0.133069, 0.278230, 0.951252
-11.398137, -8.883415, -0.692959
-3.141593, 3.141593
-3.141593, 3.141593
-3.141593, 3.141593
Bip01 L Calf
8
0.999997, 0.000000, 0.002264
-0.000000, 1.000000, 0.000000
-0.002264, 0.000000, 0.999997
46.165283, 0.000002, 0.000000
-3.141593, 3.141593
-3.141593, 3.141593
-3.141593, 3.141593
Bip01 L Foot
10
0.994453, 0.098303, -0.037401
-0.103466, 0.978222, -0.179933
0.018899, 0.182805, 0.982968
32.996872, -0.000003, 0.000000
-3.141593, 3.141593
-3.141593, 3.141593
-3.141593, 3.141593
Bip01 L Toe0
11
0.000000, -0.000000, -1.000000
0.000000, 1.000000, -0.000000
1.000000, -0.000000, 0.000000
13.598748, -0.000001, -8.277293
-3.141593, 3.141593
-3.141593, 3.141593
-3.141593, 3.141593
Bip01 R Calf
9
0.999999, -0.000000, 0.001424
0.000000, 1.000000, 0.000000
-0.001424, -0.000000, 0.999999
46.165283, -0.000002, -0.000000
-3.141593, 3.141593
-3.141593, 3.141593
-3.141593, 3.141593
Bip01 R Foot
13
0.996261, -0.074659, -0.043466
0.081288, 0.980476, 0.179052
0.029250, -0.181916, 0.982879
32.996876, 0.000001, 0.000000
-3.141593, 3.141593
-3.141593, 3.141593
-3.141593, 3.141593
Bip01 R Toe0
14
0.000000, -0.000000, -1.000000
0.000000, 1.000000, 0.000000
1.000000, 0.000000, -0.000000
13.598749, 0.000000, -8.277292
-3.141593, 3.141593
-3.141593, 3.141593
-3.141593, 3.141593
Bip01 L UpperArm
1
-0.011588, -0.815606, 0.578492
0.720142, 0.394564, 0.570714
-0.693730, 0.423210, 0.582780
13.167767, -0.000001, -0.000000
-3.141593, 3.141593
-3.141593, 3.141593
-3.141593, 3.141593
Bip01 R UpperArm
3
0.015873, 0.887005, 0.461487
-0.885369, 0.226938, -0.405734
-0.464617, -0.402146, 0.788929
13.167768, -0.000001, -0.000000
-3.141593, 3.141593
-3.141593, 3.141593
-3.141593, 3.141593
Bip01 L Forearm
16
-0.426963, 0.000000, 0.904269
0.000000, 1.000000, 0.000000
-0.904269, -0.000000, -0.426963
26.597206, 0.000001, 0.000001
-3.141593, 3.141593
-3.141593, 3.141593
-3.141593, 3.141593
Bip01 L Finger0
20
0.968962, 0.042691, -0.243495
-0.026729, 0.997294, 0.068485
0.245759, -0.059851, 0.967481
7.917297, 0.000000, -0.000000
-3.141593, 3.141593
-3.141593, 3.141593
-3.141593, 3.141593
Bip01 L Hand
18
0.780015, 0.605796, 0.156804
-0.019397, 0.273867, -0.961572
-0.625460, 0.746999, 0.225371
22.947998, 0.000004, 0.000001
-3.141593, 3.141593
-3.141593, 3.141593
-3.141593, 3.141593
Bip01 R Forearm
17
-0.464076, 0.000000, 0.885795
-0.000000, 1.000000, 0.000000
-0.885795, -0.000000, -0.464076
26.597197, 0.000000, -0.000000
-3.141593, 3.141593
-3.141593, 3.141593
-3.141593, 3.141593
Bip01 R Finger0
23
0.918587, -0.051528, -0.391844
0.026729, 0.997294, -0.068485
0.394313, 0.052436, 0.917479
7.917305, 0.000001, 0.000001
-3.141593, 3.141593
-3.141593, 3.141593
-3.141593, 3.141593
Bip01 R Hand
21
0.890077, -0.419623, 0.177990
-0.119322, 0.162368, 0.979489
-0.439916, -0.893058, 0.094450
22.947996, -0.000003, 0.000004
-3.141593, 3.141593
-3.141593, 3.141593
-3.141593, 3.141593
Bip01
-1
-0.030818, 0.000000, 0.999525
0.000000, 1.000000, 0.000000
-0.999525, 0.000000, -0.030818
-2.281890, 92.490936, 0.187008
-3.141593, 3.141593
-3.141593, 3.141593
-3.141593, 3.141593
