Bip01 Spine
6
0.999861, 0.000001, 0.016656
-0.000001, 1.000000, -0.000004
-0.016656, 0.000004, 0.999861
11.313980, 0.070183, 1.778375
-3.141593, 3.141593
-3.141593, 3.141593
-3.141593, 3.141593
Bip01 L Clavicle
2
-0.122361, 0.992481, -0.002957
0.978614, 0.121147, 0.166248
0.165357, 0.017449, -0.986079
-2.903501, 0.419150, -4.066912
-3.141593, 3.141593
-3.141593, 3.141593
-3.141593, 3.141593
Bip01 Neck
4
0.985948, -0.025814, -0.165047
0.026177, 0.999657, 0.000021
0.164990, -0.004341, 0.986286
10.065381, -0.000027, 0.006043
-3.141593, 3.141593
-3.141593, 3.141593
-3.141593, 3.141593
Bip01 Head
2
0.981137, 0.026168, 0.191535
-0.025814, 0.999657, -0.004341
-0.191583, -0.000685, 0.981476
7.694765, -0.000001, -0.000003
-3.141593, 3.141593
-3.141593, 3.141593
-3.141593, 3.141593
Bip01 Spine2
5
0.936672, 0.000001, -0.350208
-0.000001, 1.000000, 0.000000
0.350208, 0.000000, 0.936672
17.199102, 0.000001, 0.007508
-3.141593, 3.141593
-3.141593, 3.141593
-3.141593, 3.141593
Bip01 Spine1
0
0.987688, -0.000000, 0.156435
0.000001, 1.000000, 0.000000
-0.156435, 0.000000, 0.987688
13.036423, 0.000001, 0.013524
-3.141593, 3.141593
-3.141593, 3.141593
-3.141593, 3.141593
Bip01 Pelvis
24
0.000000, 1.000000, 0.000001
-0.000001, 0.000001, -1.000000
-1.000000, 0.000000, 0.000001
-0.037044, -0.020828, 0.000520
-3.141593, 3.141593
-3.141593, 3.141593
-3.141593, 3.141593
Bip01 R Clavicle
2
-0.070974, -0.997462, 0.005679
-0.983525, 0.069031, -0.167074
0.166258, -0.017443, -0.985928
-2.877089, -0.603651, -4.062473
-3.141593, 3.141593
-3.141593, 3.141593
-3.141593, 3.141593
Bip01 L UpperArm
1
0.187486, -0.981993, -0.023193
0.971985, 0.188879, -0.139891
0.141753, 0.003684, 0.989895
13.205701, 0.000001, 0.000001
-3.141593, 3.141593
-3.141593, 3.141593
-3.141593, 3.141593
Bip01 R UpperArm
7
0.226812, 0.973892, 0.009470
-0.971553, 0.226926, -0.067744
-0.068125, 0.006165, 0.997658
13.205701, -0.000001, 0.000000
-3.141593, 3.141593
-3.141593, 3.141593
-3.141593, 3.141593
Bip01 L Thigh
0
-0.997014, 0.065989, 0.040119
-0.074415, -0.959822, -0.270562
0.020653, -0.272740, 0.961866
-11.342030, 8.768684, -1.589661
-3.141593, 3.141593
-3.141593, 3.141593
-3.141593, 3.141593
Bip01 L Calf
10
0.999999, 0.000000, 0.001245
-0.000000, 1.000000, 0.000000
-0.001245, 0.000000, 0.999999
46.298264, 0.000002, 0.000000
-3.141593, 3.141593
-3.141593, 3.141593
-3.141593, 3.141593
Bip01 L Foot
11
0.997537, 0.069898, -0.005872
-0.069776, 0.980238, -0.185108
-0.007182, 0.185062, 0.982701
33.091961, -0.000001, 0.000000
-3.141593, 3.141593
-3.141593, 3.141593
-3.141593, 3.141593
Bip01 L Toe0
12
0.000000, -0.000000, -1.000000
0.000000, 1.000000, -0.000000
1.000000, -0.000000, 0.000000
13.637931, -0.000000, -8.301140
-3.141593, 3.141593
-3.141593, 3.141593
-3.141593, 3.141593
Bip01 R Thigh
0
-0.996062, -0.079085, 0.040080
0.087005, -0.958853, 0.270241
0.017059, 0.272664, 0.961958
-11.342030, -8.909008, -1.589710
-3.141593, 3.141593
-3.141593, 3.141593
-3.141593, 3.141593
Bip01 R Calf
14
0.999999, -0.000000, 0.001245
0.000000, 1.000000, -0.000000
-0.001245, -0.000000, 0.999999
46.298271, -0.000002, 0.000000
-3.141593, 3.141593
-3.141593, 3.141593
-3.141593, 3.141593
Bip01 R Foot
15
0.996589, -0.082492, -0.002276
0.081485, 0.979322, 0.185169
-0.013047, -0.184723, 0.982704
33.091961, 0.000001, -0.000000
-3.141593, 3.141593
-3.141593, 3.141593
-3.141593, 3.141593
Bip01 R Toe0
16
0.000000, -0.000000, -1.000000
0.000000, 1.000000, -0.000000
1.000000, -0.000000, 0.000000
13.637932, -0.000003, -8.301140
-3.141593, 3.141593
-3.141593, 3.141593
-3.141593, 3.141593
Bip01 R Forearm
9
0.922661, 0.000000, 0.385613
-0.000000, 1.000000, -0.000000
-0.385613, -0.000000, 0.922661
26.673817, -0.000001, 0.000000
-3.141593, 3.141593
-3.141593, 3.141593
-3.141593, 3.141593
Bip01 R Finger0
20
0.921972, -0.111394, -0.370891
0.083169, 0.992345, -0.091298
0.378221, 0.053327, 0.924178
7.940108, 0.000000, -0.000003
-3.141593, 3.141593
-3.141593, 3.141593
-3.141593, 3.141593
Bip01 R Hand
18
0.931479, -0.363227, -0.020308
0.052648, 0.079358, 0.995455
-0.359965, -0.928315, 0.093044
23.014128, -0.000000, 0.000000
-3.141593, 3.141593
-3.141593, 3.141593
-3.141593, 3.141593
Bip01 L Forearm
8
0.901297, 0.000000, 0.433202
-0.000000, 1.000000, -0.000000
-0.433202, 0.000000, 0.901297
26.673807, 0.000000, -0.000000
-3.141593, 3.141593
-3.141593, 3.141593
-3.141593, 3.141593
Bip01 L Hand
21
0.999814, 0.008947, -0.017105
-0.018902, 0.274038, -0.961533
-0.003916, 0.961677, 0.274157
23.014122, 0.000000, -0.000000
-3.141593, 3.141593
-3.141593, 3.141593
-3.141593, 3.141593
Bip01 L Finger0
22
0.921972, 0.111394, -0.370891
-0.083169, 0.992344, 0.091298
0.378221, -0.053327, 0.924178
7.940103, -0.000001, 0.000001
-3.141593, 3.141593
-3.141593, 3.141593
-3.141593, 3.141593
Bip01
-1
0.000001, 0.000000, 1.000000
0.000000, 1.000000, 0.000000
-1.000000, 0.000000, 0.000001
0.221457, 93.366905, -2.817439
-3.141593, 3.141593
-3.141593, 3.141593
-3.141593, 3.141593
