Bip01 Spine
6
0.998423, -0.038232, 0.041116
0.033682, 0.993777, 0.106177
-0.044920, -0.104625, 0.993497
11.312644, 0.167828, 1.778309
-3.141593, 3.141593
-3.141593, 3.141593
-3.141593, 3.141593
Bip01 L Clavicle
2
-0.159297, 0.821883, 0.546930
0.987190, 0.127561, 0.095836
0.008999, 0.555190, -0.831675
-3.520170, 2.030632, -2.935441
-3.141593, 3.141593
-3.141593, 3.141593
-3.141593, 3.141593
Bip01 Neck
4
0.994107, -0.107922, -0.010211
0.085380, 0.837528, -0.539682
0.066796, 0.535630, 0.841807
10.064784, 0.003282, 0.005157
-3.141593, 3.141593
-3.141593, 3.141593
-3.141593, 3.141593
Bip01 Head
2
0.997021, -0.071513, 0.028897
0.057249, 0.937190, 0.344090
-0.051689, -0.341411, 0.938492
7.694767, -0.000001, 0.000000
-3.141593, 3.141593
-3.141593, 3.141593
-3.141593, 3.141593
Bip01 Spine2
5
0.943589, 0.136365, -0.301736
-0.128014, 0.990640, 0.047379
0.305372, -0.006080, 0.952214
17.198757, -0.000050, 0.007632
-3.141593, 3.141593
-3.141593, 3.141593
-3.141593, 3.141593
Bip01 Spine1
0
0.998504, -0.052255, 0.016125
0.046796, 0.969025, 0.242491
-0.028297, -0.241373, 0.970020
13.038179, -0.003304, 0.013282
-3.141593, 3.141593
-3.141593, 3.141593
-3.141593, 3.141593
Bip01 Pelvis
24
0.000000, 0.999962, 0.008728
-0.000001, 0.008728, -0.999962
-1.000000, 0.000000, 0.000001
-0.037044, -0.020828, 0.000520
-3.141593, 3.141593
-3.141593, 3.141593
-3.141593, 3.141593
Bip01 R Clavicle
2
-0.024584, -0.845465, -0.533464
-0.999628, 0.027102, 0.003113
0.011826, 0.533342, -0.845817
-3.409747, 1.173715, -3.483474
-3.141593, 3.141593
-3.141593, 3.141593
-3.141593, 3.141593
Bip01 L UpperArm
1
0.394305, -0.876383, -0.276543
0.915631, 0.348993, 0.199560
-0.078380, -0.331899, 0.940053
13.205700, -0.000006, 0.000001
-3.141593, 3.141593
-3.141593, 3.141593
-3.141593, 3.141593
Bip01 R UpperArm
7
0.306911, 0.878449, 0.366241
-0.947421, 0.245380, 0.205384
0.090551, -0.410019, 0.907571
13.205701, -0.000002, 0.000001
-3.141593, 3.141593
-3.141593, 3.141593
-3.141593, 3.141593
Bip01 L Thigh
0
-0.956141, -0.069841, -0.284459
0.076743, -0.996964, -0.013178
-0.282675, -0.034431, 0.958598
-11.699436, 8.047208, -2.165799
-3.141593, 3.141593
-3.141593, 3.141593
-3.141593, 3.141593
Bip01 L Calf
10
0.983290, -0.000000, 0.182045
0.000000, 1.000000, 0.000000
-0.182045, -0.000000, 0.983290
46.298275, 0.000000, 0.000003
-3.141593, 3.141593
-3.141593, 3.141593
-3.141593, 3.141593
Bip01 L Foot
11
0.986354, -0.017201, -0.163736
0.022232, 0.999334, 0.028946
0.163129, -0.032191, 0.986079
33.091965, -0.000000, -0.000001
-3.141593, 3.141593
-3.141593, 3.141593
-3.141593, 3.141593
Bip01 L Toe0
12
-0.104528, -0.000000, -0.994522
-0.000000, 1.000000, -0.000000
0.994522, 0.000000, -0.104528
13.637932, -0.000000, -8.301144
-3.141593, 3.141593
-3.141593, 3.141593
-3.141593, 3.141593
Bip01 R Thigh
0
-0.966396, -0.008560, 0.256915
0.044247, -0.990068, 0.133446
0.253221, 0.140330, 0.957177
-11.023554, -9.520468, -0.316256
-3.141593, 3.141593
-3.141593, 3.141593
-3.141593, 3.141593
Bip01 R Calf
14
0.967082, 0.000000, 0.254465
-0.000000, 1.000000, 0.000000
-0.254465, -0.000000, 0.967082
46.298279, -0.000000, -0.000000
-3.141593, 3.141593
-3.141593, 3.141593
-3.141593, 3.141593
Bip01 R Foot
15
0.992370, 0.038288, -0.117197
-0.048581, 0.995087, -0.086266
0.113318, 0.091302, 0.989355
33.091965, -0.000000, 0.000001
-3.141593, 3.141593
-3.141593, 3.141593
-3.141593, 3.141593
Bip01 R Toe0
16
-0.350207, 0.000000, -0.936672
0.000000, 1.000000, 0.000000
0.936672, -0.000000, -0.350207
13.637933, 0.000000, -8.301142
-3.141593, 3.141593
-3.141593, 3.141593
-3.141593, 3.141593
Bip01 R Forearm
9
0.544329, 0.000000, 0.838872
-0.000000, 1.000000, -0.000000
-0.838872, 0.000000, 0.544329
26.673807, -0.000004, 0.000001
-3.141593, 3.141593
-3.141593, 3.141593
-3.141593, 3.141593
Bip01 R Finger0
20
0.733818, -0.079657, -0.674659
0.040184, 0.996453, -0.073943
0.678156, 0.027150, 0.734416
7.940106, 0.000000, -0.000001
-3.141593, 3.141593
-3.141593, 3.141593
-3.141593, 3.141593
Bip01 R Hand
18
0.977876, 0.164779, -0.128866
0.006130, 0.593199, 0.805032
0.209096, -0.788012, 0.579065
23.014130, -0.000000, -0.000003
-3.141593, 3.141593
-3.141593, 3.141593
-3.141593, 3.141593
Bip01 L Forearm
8
0.924172, -0.000000, 0.381975
0.000000, 1.000000, 0.000000
-0.381975, 0.000000, 0.924173
26.673811, -0.000002, -0.000003
-3.141593, 3.141593
-3.141593, 3.141593
-3.141593, 3.141593
Bip01 L Hand
21
0.965557, 0.250253, 0.071233
-0.002429, 0.282424, -0.959287
-0.260183, 0.926072, 0.273304
23.014128, 0.000002, -0.000003
-3.141593, 3.141593
-3.141593, 3.141593
-3.141593, 3.141593
Bip01 L Finger0
22
0.618697, 0.082923, -0.781241
-0.040184, 0.996453, 0.073943
0.784602, -0.014355, 0.619834
7.940105, 0.000002, -0.000001
-3.141593, 3.141593
-3.141593, 3.141593
-3.141593, 3.141593
Bip01
-1
-0.087154, 0.000000, 0.996195
0.000000, 1.000000, 0.000000
-0.996195, 0.000000, -0.087154
-0.447660, 90.380440, -1.732152
-3.141593, 3.141593
-3.141593, 3.141593
-3.141593, 3.141593
